Feature	Gain	Cover	Frequency
ctrx_quarter	0.0753134255060585	0.00559986776182464	0.00197040987922746
mcaja_ahorro_rank	0.051862317698393	0.00259874579671438	0.00134191707292215
ctrx_quarter_normalizado	0.051582981308458	0.00283996846078465	0.00095123235548912
mcuenta_corriente_rank	0.03185256228888	0.0060927998220909	0.00424657301557643
mpayroll_rank	0.0281658758245092	0.00418127801837942	0.00120602673642371
ctrx_quarter_lag3	0.0270511020819811	0.00109899321676681	0.00156273886973213
ctrx_quarter_lag1	0.025307813298608	0.0010769027811374	0.000764383142803757
mpayroll_sobre_edad_rank	0.0216437478579759	0.00354129211733167	0.00117205415229909
mcuentas_saldo_rank	0.0206733675090843	0.0052402191371154	0.00273479302203122
ctrx_quarter_lag2	0.0179840592640563	0.00139277711443467	0.00186849212685363
mprestamos_personales_rank	0.0164019418549018	0.00506667278155105	0.00180054695860441
vm_status01	0.0160202822693504	0.00279821536466484	0.00115506786023679
mcaja_ahorro_rank_lag1	0.0154373793420563	0.00321864841269436	0.00171561549829288
cdescubierto_preacordado	0.0143383658922737	0.00279572869226878	0.00225917684428666
mtarjeta_visa_consumo_rank	0.0142557209087065	0.00135333849174337	0.00110410898404987
foto_mes	0.0125071202864388	0.0075112237848594	0.00613205143449236
cdescubierto_preacordado_delta2	0.0116992365846014	0.00226932924730904	0.000662465390429923
vm_status04_delta2	0.0112297437212904	0.00175086594345322	0.000339725841246114
mpayroll_sobre_edad_rank_lag1	0.0105668571751224	0.00334943037603177	0.00101917752373834
mpasivos_margen_rank	0.010488702583382	0.00384196767365724	0.00258191639347047
vm_status06	0.0069836362540637	0.000364244271963237	0.000424657301557643
mcuentas_saldo_rank_delta3	0.00669001534928983	0.00315243169903285	0.00596218851386931
cdescubierto_preacordado_delta3	0.00639162501871438	0.00268220460686579	0.000968218647551426
mprestamos_personales_rank_lag3	0.00623208491502507	0.00272095382961247	0.00152876628560751
vm_status04_delta3	0.00563832198351997	0.000459626038955222	0.000169862920623057
mcaja_ahorro_rank_lag2	0.00554145256425966	0.00115164037995224	0.00120602673642371
mprestamos_personales_rank_delta2	0.00505095575193173	0.00522661643805491	0.00173260179035518
ctarjeta_visa_transacciones	0.00498451947097116	0.0021743471510626	0.000730410558679146
mcomisiones_mantenimiento_rank_delta3	0.00458175506606831	0.00212983362356545	0.00214027279985052
Visa_mpagominimo_rank	0.00420838641018138	0.00208158661404623	0.00312547773946425
mpayroll_rank_lag1	0.00417072818475018	0.00194659666822104	0.000611506514243006
mpayroll_sobre_edad_rank_lag3	0.00393856472718431	0.000767053108670463	0.000526575053931477
Visa_mpagospesos_rank	0.00383381930838632	0.00117730081996077	0.00244602605697202
thomebanking	0.00381381302660336	0.00229810112369411	0.00540164087581322
mprestamos_personales_rank_lag2	0.00373771136879201	0.00224699453908151	0.00117205415229909
mrentabilidad_annual_rank_lag3	0.00369743166863867	0.0033406056791942	0.00455232627269793
mactivos_margen_rank	0.00344857758192107	0.0047015987756019	0.00392383346639262
mcuentas_saldo_rank_delta2	0.00343277232566588	0.00272838077372554	0.00509588761869172
mcomisiones_rank_lag3	0.00330043252402179	0.0025014767501807	0.00438246335207488
ctarjeta_master_delta3	0.00312258227702997	0.00014666764844669	6.79451682492229e-05
vm_msaldototal_rank	0.0030667367276221	0.000740585587467189	0.00071342426661684
mcomisiones_rank_delta3	0.00305842710197395	0.00220444236575318	0.00470520290125868
tcallcenter	0.00305023859631807	0.00267440879980317	0.0020893139236636
vm_msaldopesos_rank	0.00304700100393389	0.00106515413752488	0.000968218647551426
vm_mpagominimo_rank	0.00303242469528757	0.00189971667913964	0.00169862920623057
mprestamos_personales_rank_delta3	0.00301951063712206	0.00299183447174908	0.00137588965704676
mextraccion_autoservicio_rank	0.00297806479962187	0.000364671465850055	0.000390684717433032
mcuenta_corriente_rank_delta3	0.00295112890430392	0.00220951862972651	0.00205534133953899
cproductos_delta3	0.0029455452601533	0.00137683411776373	0.000424657301557643
Visa_msaldopesos_rank	0.00280269630355607	0.0012181019702863	0.00176657437447979
mpasivos_margen_rank_lag2	0.00278798360030575	0.00172177122703933	0.00278575189821814
mcomisiones_otras_rank_lag3	0.00278658282319477	0.00220804272487247	0.00412766897114029
vm_status03	0.00274464677223782	0.00015512876798598	0.000424657301557643
mrentabilidad_annual_rank_lag2	0.00266367255444656	0.00262405474091325	0.00511287391075402
mprestamos_personales_rank_lag1	0.00266355564343147	0.00244929000497581	0.00110410898404987
mpasivos_margen_rank_delta2	0.0026364747418933	0.00251444483129656	0.00462027144094716
mactivos_margen_rank_delta3	0.00263148440231406	0.00281879304689991	0.00642081839955156
mprestamos_personales_rank_delta1	0.00262251625830229	0.00503796724008946	0.00163068403798135
vm_Finiciomora	0.00260244333575858	0.00270332569180638	0.000628492806305312
mautoservicio_rank	0.00257976720877983	0.00139050817311641	0.000628492806305312
ctrx_quarter_normalizado_lag1	0.00247913192742829	0.0011352918605647	0.000679451682492229
ctrx_quarter_delta3	0.00247337458539095	0.00241770140502734	0.00348218987277267
internet	0.00247250675258501	0.00280811859864468	0.000645479098367617
mpasivos_margen_rank_lag1	0.00246364514730713	0.00156493251311187	0.00234410830459819
mrentabilidad_annual_rank_delta2	0.00233388903604865	0.00272066613916461	0.00635287323130234
mrentabilidad_annual_rank_delta1	0.00232933493665479	0.00239990967631434	0.00582629817737086
mrentabilidad_annual_rank_delta3	0.00232790084492378	0.00256636389601913	0.00597917480593161
mcomisiones_otras_rank_lag2	0.00228949711047269	0.00242634148161687	0.00463725773300946
ctrx_quarter_normalizado_delta3	0.00219536708460492	0.00189039909532086	0.00283671077440506
mtarjeta_visa_consumo_rank_delta2	0.00206878473076314	0.00100811138898614	0.00152876628560751
mtarjeta_visa_consumo_rank_lag1	0.00205145679666878	0.000329906529278348	0.000390684717433032
ctrx_quarter_normalizado_delta2	0.00202572407193547	0.00144901380115427	0.00202136875541438
mcuenta_debitos_automaticos_rank	0.00202208553173737	0.00273280410874804	0.00110410898404987
vm_status02	0.00201219878974416	0.00212468774001392	0.000815342018990675
vm_status01_delta3	0.00192588233879068	0.00101940776962294	0.000543561345993783
Visa_delinquency	0.00191378982032722	0.00145304720613143	0.000883287187239897
mtransferencias_recibidas_rank	0.00188460618630393	0.00316568063700457	0.00191945100304055
mcomisiones_rank_lag2	0.00188377990947934	0.00156161557816477	0.00412766897114029
mcuentas_saldo_rank_lag1	0.00187760815839538	0.00265901460475298	0.00185150583479132
Visa_madelantodolares_rank	0.00186741585843095	0.000148484326789237	0.000186849212685363
mcomisiones_otras_rank_delta1	0.00185640760086178	0.00255175175082944	0.00331232695214962
vm_mpagospesos_rank	0.00185261754109908	0.00029533844546191	0.000390684717433032
mrentabilidad_rank_delta3	0.00182475228914354	0.00236250361306545	0.00456931256476024
mactivos_margen_rank_lag1	0.00181508361496631	0.00317587865930684	0.002666847853782
cproductos_delta1	0.00181093177757297	0.000564748657169005	0.00011890404443614
ctrx_quarter_delta1	0.00180074672374175	0.00111681552674789	0.000917259771364509
vmr_msaldopesos	0.00177347830049492	0.000782465727990807	0.000934246063426815
mcomisiones_mantenimiento_rank	0.00171363174299298	0.00549096076831796	0.00253095751728355
mpasivos_margen_rank_delta3	0.00171318788575715	0.00162582948304962	0.00419561413938951
cliente_vip_lag1	0.00169757144839155	0.00197288727112528	0.00071342426661684
mactivos_margen_rank_delta2	0.00168633007487479	0.00348591695401492	0.00586027076149547
mcomisiones_otras_rank_delta2	0.00166630384267708	0.00199805656086659	0.00409369638701568
Master_status	0.00166029397098881	0.00113682315149315	0.000560547638056089
ctrx_quarter_normalizado_delta1	0.00165756583814779	0.00144535843350709	0.00095123235548912
mcuentas_saldo_rank_lag2	0.0016467858105517	0.00285822853595509	0.00288766965059197
mcuenta_corriente_rank_lag1	0.00163459993646753	0.00264121536286425	0.00203835504747669
ccaja_seguridad	0.00162978059025777	0.00398889209149184	0.000645479098367617
mttarjeta_visa_debitos_automaticos_rank_delta3	0.00157461224131857	0.00176150101360647	0.00135890336498446
ctrx_quarter_delta2	0.00155196411824923	0.00170029445552272	0.00217424538397513
mcomisiones_otras_rank_delta3	0.00154999014128535	0.00223072605955611	0.00477314806950791
mcuenta_corriente_rank_lag3	0.00154962525448003	0.0030686451029932	0.00247999864109664
ccaja_ahorro	0.00154724629486124	0.00219589365542137	0.000424657301557643
mcomisiones_rank_delta2	0.00154406773191043	0.00197389214894159	0.00448438110444871
cpayroll_trx	0.00152623364874288	0.00262427111282358	0.000424657301557643
mcuenta_corriente_rank_lag2	0.00152292071139524	0.00218064258825672	0.00258191639347047
mcuentas_saldo_rank_delta1	0.00151984781824891	0.00308768919126604	0.00292164223471658
cliente_vip_delta1	0.00151400164526442	0.00160316347775123	0.00105315010786295
mrentabilidad_annual_rank_lag1	0.00149492347627913	0.00225112104703038	0.00351616245689728
mactivos_margen_rank_delta1	0.00147398105922245	0.00242887270450223	0.00472218919332099
mrentabilidad_annual_rank	0.00145218104839724	0.00284073257718547	0.0035501350410219
ccomisiones_mantenimiento_delta3	0.00143398385956666	0.00217766234929571	0.000543561345993783
Visa_Finiciomora	0.00140196286890609	0.00326281002908069	0.000645479098367617
Master_fechaalta	0.001397423361699	0.0020056093412346	0.00433150447588796
cproductos_delta2	0.00139387488019953	0.00240524414435236	0.000492602469806866
Master_fechaalta_lag3	0.00139289646000108	0.00205341900086563	0.00467123031713407
ccomisiones_mantenimiento_delta1	0.00138614400475558	0.00219191174778947	0.00035671213330842
thomebanking_lag2	0.00138378423471192	0.0015209239163299	0.00458629885682255
mrentabilidad_rank_delta2	0.00130742562697782	0.0025638100958519	0.00501095615838019
cliente_edad_lag3	0.0013052879241753	0.00232191252962337	0.00298958740296581
vm_fechaalta	0.00126305751164181	0.00323569920636283	0.00353314874895959
mrentabilidad_rank_delta1	0.00125535075735973	0.00236944559867421	0.00404273751082876
mcuentas_saldo_rank_lag3	0.00125069067693057	0.00209753047907417	0.00305753257121503
thomebanking_lag1	0.00123652688644966	0.00127457586948411	0.00368602537752034
thomebanking_lag3	0.00122301009162475	0.00165390067084914	0.00480712065363252
mcomisiones_rank_lag1	0.00121544592323317	0.00171526919638975	0.00346520358071037
chomebanking_transacciones	0.00121049559885053	0.00332384159435264	0.00309150515533964
Master_fechaalta_lag2	0.00120554588883959	0.00282522900690858	0.00429753189176335
mtarjeta_visa_consumo_rank_delta3	0.0011920480189981	0.00207444837975663	0.00214027279985052
mpasivos_margen_rank_delta1	0.00119180114947334	0.00285012144178714	0.00417862784732721
mplazo_fijo_dolares_rank	0.00117637065798651	0.00363373056941226	0.000645479098367617
vm_mpagominimo_rank_lag1	0.00115808291473809	0.00202884204385877	0.00146082111735829
Master_mfinanciacion_limite_rank_delta2	0.00115383092024894	0.00197596404873132	0.00490903840600635
chomebanking_transacciones_lag1	0.00115355389831587	0.00164334073245327	0.00324438178390039
mpayroll_rank_delta2	0.00115349150470101	0.00268842559188626	0.00107013639992526
internet_lag1	0.00115264410924698	0.00223118700610177	0.000390684717433032
ctarjeta_visa_transacciones_delta3	0.00115222975780452	0.00162696555828146	0.00112109527611218
chomebanking_transacciones_delta2	0.00114842552560706	0.00309533805722327	0.00360109391720881
cliente_edad	0.0011411900613441	0.00284173016835395	0.00278575189821814
vm_Finiciomora_lag1	0.00112600548981189	0.00293322732145212	0.000747396850741452
ctarjeta_visa_transacciones_delta2	0.00111446934681269	0.00172100661982803	0.000985204939613732
mrentabilidad_rank	0.00111328537149268	0.00228801051337664	0.00324438178390039
Visa_status	0.00111220148064066	0.000867460246364952	0.00035671213330842
Master_mlimitecompra_rank_delta3	0.00110761453137014	0.00218275692427524	0.00450136739651102
cprestamos_personales_delta2	0.0011038926230189	0.00333771476773971	0.000577533930118395
mpayroll_rank_delta3	0.00110150771066364	0.0014862975015762	0.000866300895177592
vm_status06_delta3	0.00110069527558618	0.000742886431466347	0.000220821796809974
Master_fechaalta_lag1	0.00109736692009026	0.00240358890490155	0.00411068267907798
Master_Fvencimiento_lag1	0.00109624209397497	0.0016855317825357	0.00424657301557643
mcomisiones_otras_rank	0.00107757314340487	0.00180088179617097	0.00358410762514651
mcomisiones_otras_rank_lag1	0.00107425951932095	0.00126231904825634	0.00309150515533964
vm_Finiciomora_delta1	0.00106736665830881	0.00200650072856715	0.000458629885682255
mrentabilidad_rank_lag2	0.00105385658277771	0.00198754789328807	0.00371999796164495
chomebanking_transacciones_lag3	0.00105155122965228	0.00123390232988217	0.00338027212039884
ctrx_quarter_normalizado_lag3	0.00103468560443703	0.00127099268873146	0.00183451954272902
Master_mfinanciacion_limite_rank_delta3	0.00102810337500756	0.00286153335165891	0.00472218919332099
mcomisiones_mantenimiento_rank_lag3	0.00102541019479707	0.00246363597986925	0.0020893139236636
cliente_edad_lag2	0.00102506032194336	0.00227140866027451	0.00253095751728355
Master_mlimitecompra_rank_delta2	0.00102387717816306	0.00192277518179971	0.00467123031713407
Visa_mpagospesos_rank_delta3	0.00102306496157385	0.00219639137499803	0.00395780605051723
Visa_mpagominimo_rank_lag1	0.00101592032695892	0.00144286443670856	0.00264986156171969
chomebanking_transacciones_delta1	0.00101106623699402	0.00377754056825283	0.002666847853782
Visa_mpagominimo_rank_lag3	0.00100675572923319	0.00124088543030691	0.00258191639347047
Visa_mfinanciacion_limite_rank_delta3	0.00100503591339756	0.0015717044895229	0.00365205279339573
cprestamos_personales_delta3	0.00100401170093099	0.00215399006925889	0.000441643593619949
chomebanking_transacciones_lag2	0.00100346560820216	0.00151679419923561	0.00331232695214962
Visa_fechaalta_lag2	0.000998261244308803	0.00172123752727936	0.00317643661565117
mactivos_margen_rank_lag2	0.00099728652170183	0.00190169857183912	0.002666847853782
Visa_Fvencimiento_lag2	0.000986600079632822	0.00154048078828553	0.00321040919977578
Master_Fvencimiento	0.000983793964404161	0.00165628559445819	0.00400876492670415
numero_de_cliente	0.000981730544122311	0.00368628262862942	0.00315945032358886
Visa_mlimitecompra_rank_delta3	0.000979467486236679	0.00182090686356544	0.00399177863464184
Visa_Fvencimiento	0.000977191498708116	0.00189354862614121	0.00332931324421192
Master_Fvencimiento_lag3	0.000971008101988648	0.00141846896631362	0.00392383346639262
Visa_mconsumospesos_rank	0.000961754830307189	0.00158186022661498	0.00310849144740195
mcomisiones_rank_delta1	0.000961165561959135	0.00236976171837499	0.00304054627915272
Visa_msaldototal_rank	0.00095322511769916	0.00107151889225998	0.00215725909191283
cliente_edad_lag1	0.000950777240670804	0.00183075093600567	0.00212328650778821
vm_fechaalta_lag2	0.000947140970480854	0.0015215008074117	0.00246301234903433
mrentabilidad_rank_lag3	0.000946709062087461	0.00289827361162066	0.00358410762514651
Visa_fechaalta	0.000944957135096638	0.0021722186570496	0.00302355998709042
Visa_fechaalta_lag1	0.00094260080557701	0.00122267673921778	0.00271780672996892
Master_mfinanciacion_limite_rank_delta1	0.000941877129017656	0.00279443635053252	0.00411068267907798
mpayroll_sobre_edad_rank_delta3	0.000935917479106318	0.00105911154323488	0.000645479098367617
ctarjeta_visa	0.000929138405914394	0.000491877988138461	0.000169862920623057
mcomisiones_rank	0.000928040924786166	0.00137080783348337	0.00312547773946425
mtransferencias_emitidas_rank	0.000925268527370186	0.00478770135525613	0.00220821796809974
mcuenta_corriente_rank_delta2	0.000922481125952256	0.00236515451819749	0.00166465662210596
Visa_mlimitecompra_rank_delta1	0.000915615512078653	0.00259873114790942	0.00417862784732721
tcallcenter_delta1	0.000912477697516282	0.000629419204569193	0.000407671009495337
Visa_mfinanciacion_limite_rank_delta2	0.000911121041118702	0.00186683966393871	0.00394081975845493
vm_Fvencimiento	0.000903835515029135	0.00190175399566818	0.00315945032358886
chomebanking_transacciones_delta3	0.000899377525118969	0.001875461542786	0.00312547773946425
Master_Fvencimiento_lag2	0.000896717954022465	0.0016219313529904	0.00334629953627423
tcallcenter_delta3	0.000892894265129834	0.000971172577309782	0.00095123235548912
ctrx_quarter_normalizado_lag2	0.000891659016391848	0.002546061747234	0.00224219055222436
mpagomiscuentas_rank	0.000886222242586513	0.0025000006565534	0.00100219123167604
Visa_mpagominimo_rank_lag2	0.000884647401555223	0.00123650823146909	0.00219123167603744
Visa_mfinanciacion_limite_rank_delta1	0.000882994682415549	0.00240453001511072	0.00404273751082876
Master_mlimitecompra_rank_delta1	0.000875052422273648	0.00133597055899852	0.00400876492670415
Visa_mconsumototal_rank	0.000868682379901567	0.00145526668885564	0.00317643661565117
ccomisiones_otras_lag1	0.000865293281930143	0.000782946155936875	0.00071342426661684
Master_mfinanciacion_limite_rank	0.000854115546584779	0.00140967503951739	0.00344821728864806
mactivos_margen_rank_lag3	0.000852377530257893	0.00219625270216141	0.00314246403152656
mcomisiones_mantenimiento_rank_delta1	0.000851344061060857	0.00217835276861593	0.00112109527611218
mrentabilidad_rank_lag1	0.000843953937424403	0.00123008763760376	0.00271780672996892
mpasivos_margen_rank_lag3	0.000834792057096914	0.00232899922881306	0.00309150515533964
mcaja_ahorro_rank_delta1	0.000829165019330753	0.0034282155755729	0.00225917684428666
Master_mlimitecompra_rank_lag3	0.000821752909658844	0.00144212236902447	0.0026838341458443
Visa_Fvencimiento_lag3	0.000820531291715678	0.00105832084755909	0.00281972448234275
cdescubierto_preacordado_lag1	0.000820457312479675	0.00191851120916309	0.00129095819673523
ccajas_transacciones_delta1	0.000818031673784649	0.00183559938840913	0.000730410558679146
Visa_fechaalta_lag3	0.000816888112834045	0.00156290051998925	0.00300657369502811
Visa_delinquency_lag1	0.000814135618855077	0.000674316810140639	0.000492602469806866
cliente_antiguedad_lag3	0.000807347309090559	0.00215639745688585	0.00246301234903433
Visa_mlimitecompra_rank_delta2	0.000803686731336702	0.00124309747536468	0.003278354368025
vm_fechaalta_lag3	0.000790844800339538	0.00128861263377808	0.00261588897759508
cdescubierto_preacordado_lag3	0.000781917860360078	0.00135990780118274	0.00108712269198757
tcallcenter_delta2	0.000779021225175117	0.00115424964170318	0.000730410558679146
Visa_mconsumospesos_rank_delta3	0.000778639051404771	0.00116525334827807	0.00285369706646736
Master_mfinanciacion_limite_rank_lag3	0.00077528595721244	0.00135548937426499	0.00317643661565117
internet_lag3	0.000767403356969456	0.000588776774800464	0.0005945202221807
ccaja_ahorro_delta2	0.000765415624716587	0.00156848647176391	0.000322739549183809
Visa_mfinanciacion_limite_rank	0.00075396164722215	0.00104604964180892	0.00280273819028044
cliente_antiguedad_lag2	0.000749434380073685	0.00152924572120349	0.00214027279985052
vm_fechaalta_lag1	0.000748282961674427	0.00127823244528015	0.00253095751728355
vm_mpagominimo_rank_lag2	0.000747124254207139	0.000711803819363314	0.00110410898404987
Visa_cconsumos_lag1	0.000745904206185653	0.00131709950029557	0.00198739617128977
Visa_mpagospesos_rank_lag3	0.000743728505871962	0.00156209124902469	0.00270082043790661
mcomisiones_mantenimiento_rank_delta2	0.000729780210559182	0.00118742680638712	0.00105315010786295
mcaja_ahorro_dolares_rank	0.000725164890817587	0.00350322410177013	0.00151177999354521
Visa_cconsumos	0.000721139023881713	0.00116061613315226	0.0020723276316013
Master_mfinanciacion_limite_rank_lag2	0.000719923175318373	0.00121070119014704	0.0029556148188412
mttarjeta_visa_debitos_automaticos_rank_delta2	0.000716897596521967	0.000908301152338984	0.000764383142803757
mplazo_fijo_dolares_rank_delta3	0.000709744727283916	0.001674687513856	0.000373698425370726
vm_Fvencimiento_lag3	0.000709017178107796	0.00119856374912873	0.00249698493315894
cmobile_app_trx_lag3	0.000698394893485259	0.00169432518076681	0.00180054695860441
vm_status04	0.000690084471055609	0.000393076102735598	0.000339725841246114
Visa_mpagospesos_rank_delta2	0.0006886127276759	0.00138367424132153	0.00292164223471658
thomebanking_delta3	0.000688380225948665	0.000896806446515484	0.000917259771364509
Master_mfinanciacion_limite_rank_lag1	0.000684794390192323	0.00111003932181584	0.00287068335852967
vm_Fvencimiento_lag1	0.000682363355945536	0.00162937660810966	0.00256493010140816
vm_Fvencimiento_lag2	0.000682253538102191	0.00115650533113861	0.00234410830459819
vmr_mpagominimo	0.000679297749957942	0.000723862126631129	0.00110410898404987
mv_status07_rank_delta1	0.000678730413123105	0.00282483054431189	0.0005945202221807
Master_mlimitecompra_rank_lag1	0.000678099895477086	0.00117869793085619	0.00302355998709042
Visa_Fvencimiento_lag1	0.000675448369833813	0.00112654629747762	0.002666847853782
vm_mpagospesos_rank_delta3	0.000674537899609512	0.000999793284068437	0.0014778074094206
Visa_mlimitecompra_rank_lag1	0.000673182613901752	0.00133468074682394	0.00261588897759508
Visa_mconsumospesos_rank_lag1	0.000672244518240867	0.0010911123107187	0.00232712201253588
Visa_mpagospesos_rank_lag1	0.000671228113346071	0.000905710428122151	0.00271780672996892
mcaja_ahorro_rank_delta3	0.00066558549882047	0.00243748552223306	0.00219123167603744
vmr_mpagominimo_delta2	0.000664567135841823	0.00139169249879344	0.000985204939613732
Visa_mpagospesos_rank_delta1	0.000658066875569447	0.00144925565745467	0.00312547773946425
Visa_mlimitecompra_rank_lag3	0.000657120417751457	0.000854769322149057	0.00231013572047358
Visa_mconsumototal_rank_delta2	0.000656514461803544	0.00108515734497587	0.00275177931409353
Visa_mfinanciacion_limite_rank_lag2	0.000654848563377656	0.000882111845165933	0.00212328650778821
Master_mlimitecompra_rank	0.000652574848735152	0.0010556060993106	0.00275177931409353
Master_msaldototal_rank	0.000652352313564816	0.0017676729175794	0.00108712269198757
Visa_mconsumototal_rank_delta3	0.000650704253382904	0.00117433889200596	0.00281972448234275
Visa_delinquency_delta2	0.000645895447063075	0.00134342260995513	0.000458629885682255
mcaja_ahorro_dolares_rank_delta3	0.000643335389483776	0.00188945201987668	0.00123999932054832
Visa_mconsumototal_rank_lag1	0.000642478656678439	0.000974712680004559	0.00264986156171969
Visa_mlimitecompra_rank	0.000641619237907368	0.000982579767850061	0.0023780808887228
cdescubierto_preacordado_delta1	0.000635452591514178	0.00347274628143669	0.000781369434866063
vmr_mpagominimo_lag2	0.000634587508607134	0.00119954238746194	0.00144383482529599
Visa_mconsumototal_rank_delta1	0.000632324615526712	0.000998746347569853	0.0023780808887228
Visa_cconsumos_delta3	0.000628572423025634	0.000688368298748869	0.00112109527611218
ccaja_seguridad_lag3	0.000627386412643499	0.000350974342405031	8.49314603115286e-05
Visa_mconsumosdolares_rank_lag3	0.000626184558942947	0.000994456286468735	0.00219123167603744
Master_mlimitecompra_rank_lag2	0.00062586574242172	0.000885901543864753	0.00258191639347047
Visa_msaldopesos_rank_lag3	0.000624645048669385	0.000830058638164988	0.00159671145385674
ccaja_seguridad_lag2	0.000621554753761068	0.000621791216934492	0.000135890336498446
ccaja_ahorro_delta3	0.000620392299495176	0.00234625990059172	0.000526575053931477
Visa_mfinanciacion_limite_rank_lag1	0.000617225307819277	0.00102994992557774	0.00244602605697202
vm_mfinanciacion_limite_rank_delta3	0.000616900924607195	0.00254135306255205	0.00212328650778821
vm_mlimitecompra_rank_delta3	0.000616506718649714	0.00168555926792232	0.00232712201253588
Visa_cconsumos_lag2	0.000611893417628876	0.00083699575342365	0.00151177999354521
mcaja_ahorro_dolares_rank_delta2	0.000609779147935691	0.00145122233502941	0.000900273479302203
Visa_mpagominimo_rank_delta2	0.000608796841470677	0.00179907674626122	0.00217424538397513
mautoservicio_rank_lag3	0.000608241146064237	0.00255678531429141	0.00227616313634897
Visa_msaldopesos_rank_delta3	0.000606612026561629	0.00118398241173503	0.00227616313634897
mcomisiones_mantenimiento_rank_lag1	0.000605837819727445	0.00142172726828624	0.00142684853323368
Visa_msaldototal_rank_delta2	0.000603492141853867	0.000761497058580146	0.00180054695860441
Visa_delinquency_delta3	0.000597777719028982	0.000128649429576645	0.000186849212685363
Master_mpagospesos_rank	0.000597332181765922	0.00166837806968602	0.00113808156817448
Visa_msaldototal_rank_lag2	0.000586256117688229	0.000647912150432862	0.00137588965704676
mpayroll_rank_delta1	0.000583543873664943	0.00203439390318272	0.000611506514243006
Visa_mconsumospesos_rank_lag2	0.000581995687058383	0.00106185774110845	0.00242903976490972
Visa_mlimitecompra_rank_lag2	0.00057978561718297	0.000827905339345652	0.00212328650778821
Visa_mpagominimo_rank_delta3	0.000573357048112827	0.000831809434639882	0.00203835504747669
Visa_mconsumosdolares_rank	0.000572621620108263	0.00113752183908215	0.00198739617128977
Visa_mconsumospesos_rank_delta1	0.000571979933377133	0.00109588819868111	0.00254794380934586
mpayroll_rank_lag2	0.000561354218893594	0.00108277419583546	0.000424657301557643
vmr_Master_mlimitecompra_lag1	0.000559416800026194	0.00113735983387063	0.0020893139236636
vm_msaldopesos_rank_delta3	0.000557307056169168	0.000866922733385135	0.00135890336498446
vmr_Master_mlimitecompra_lag3	0.00055419970213381	0.00132809059681671	0.00190246471097824
ccaja_seguridad_lag1	0.000553768572621655	0.000153749477286277	3.39725841246114e-05
mcaja_ahorro_rank_delta2	0.000551111834488207	0.00261703445215635	0.00183451954272902
vm_mpagominimo_rank_lag3	0.000550363691513726	0.00075348336942112	0.0011890404443614
Visa_msaldototal_rank_delta3	0.000548537827581721	0.000792293565930699	0.00200438246335208
vmr_mpagominimo_lag1	0.00054771892611649	0.000710187920259839	0.00112109527611218
thomebanking_delta2	0.000544159368730886	0.0012738516597504	0.00103616381580065
vmr_mpagominimo_lag3	0.00054380258490564	0.000981074791914016	0.00163068403798135
Visa_mfinanciacion_limite_rank_lag3	0.000538569488050204	0.0011788741695715	0.00227616313634897
cliente_antiguedad_lag1	0.000535916851348309	0.00133651505658895	0.00142684853323368
Visa_mconsumototal_rank_lag3	0.000535445564447148	0.000990769355932524	0.0023610945966605
Visa_mconsumospesos_rank_lag3	0.0005313762239286	0.00104279496428289	0.00217424538397513
Visa_cconsumos_lag3	0.000526483011089444	0.00107107146187972	0.00197040987922746
Visa_mconsumototal_rank_lag2	0.000524396074368566	0.00102349104849533	0.00224219055222436
Visa_mpagospesos_rank_lag2	0.000520610915175883	0.000764428329757571	0.00202136875541438
cliente_antiguedad	0.000519845981726866	0.00158546689076115	0.00174958808241749
Visa_msaldopesos_rank_delta1	0.000518690005736836	0.000864244342866473	0.0017835606665421
Visa_mconsumospesos_rank_delta2	0.000518634510379618	0.000926715228734729	0.00232712201253588
Master_msaldopesos_rank	0.000512651823788712	0.0011924547066513	0.000934246063426815
mtransferencias_emitidas_rank_lag1	0.000511865507996376	0.0010886501033371	0.00132493078085985
ccajas_consultas_delta2	0.000511273332623446	0.00152023515821437	0.000373698425370726
mcaja_ahorro_rank_lag3	0.000507126674923905	0.00136342004094437	0.00144383482529599
ccomisiones_mantenimiento_delta2	0.000499407564824358	0.000312291152544613	8.49314603115286e-05
Visa_madelantopesos_rank_delta1	0.00049433084768608	3.12528478286773e-05	8.49314603115286e-05
cprestamos_personales_delta1	0.000493227172413333	0.00124193942692541	0.000203835504747669
mtransferencias_recibidas_rank_lag3	0.000487627714588631	0.00106321909834847	0.00168164291416827
ccajas_transacciones	0.000484028345111584	0.00111712560570436	0.000849314603115286
ccomisiones_otras	0.000483399982432641	0.0012560249702297	0.000662465390429923
cpayroll_trx_lag2	0.000480278246438626	0.00042581863586628	8.49314603115286e-05
ccajas_transacciones_delta3	0.00048001940715797	0.00101541963247347	0.000543561345993783
Visa_msaldototal_rank_lag1	0.000475444994438656	0.00107629077822929	0.00156273886973213
vm_mlimitecompra_rank_delta2	0.00047535662784828	0.00120867119802097	0.00183451954272902
vmr_Master_mlimitecompra	0.000472868895867361	0.000743203117486907	0.00168164291416827
Master_mpagominimo_rank	0.000468060449375217	0.000635220810915796	0.00101917752373834
Visa_msaldototal_rank_lag3	0.000466903642015049	0.00075227136958421	0.00163068403798135
vm_status06_delta2	0.000466016732177785	0.000405733500820561	0.000135890336498446
vm_status02_delta3	0.000464824823834209	0.000160390935865516	0.000169862920623057
Visa_msaldopesos_rank_delta2	0.000457548464738876	0.000544626484809723	0.00157972516179443
cmobile_app_trx_lag2	0.000453757918695558	0.00206077273870856	0.00107013639992526
mtarjeta_master_consumo_rank	0.000451370788631228	0.000813083202781812	0.000271780672996892
mtransferencias_emitidas_rank_lag2	0.000442494778335448	0.00173425476495206	0.0014947937014829
mextraccion_autoservicio_rank_lag3	0.000442022599390701	0.000920987206204778	0.00140986224117137
Visa_msaldopesos_rank_lag2	0.000441851598090525	0.000657484049587183	0.00137588965704676
vmr_msaldototal	0.000439236722184389	0.000646805335056286	0.000900273479302203
vm_mlimitecompra_rank_delta1	0.000438017931717845	0.000970846452626235	0.00193643729510285
mcomisiones_mantenimiento_rank_lag2	0.000436524740916843	0.000947069214656987	0.00117205415229909
vmr_msaldopesos2_delta3	0.000429889277311221	0.0013470621961578	0.0014778074094206
mtarjeta_visa_consumo_rank_delta1	0.000427927842879427	0.00159402069797097	0.000917259771364509
vmr_mpagospesos	0.00042359760378692	0.00115483019498622	0.00083232831105298
mautoservicio_rank_lag2	0.000423207643830774	0.000936656745931644	0.00164767033004365
cmobile_app_trx_delta3	0.000419707055491204	0.0017861344893273	0.00129095819673523
ccallcenter_transacciones_delta2	0.000410185296645502	0.00125887106691232	0.00047561617774456
vmr_Visa_mlimitecompra	0.000409892597390541	0.000705342110682012	0.0014778074094206
Visa_msaldototal_rank_delta1	0.00040692627557012	0.000896257229593563	0.00156273886973213
vm_mpagominimo_rank_delta3	0.000406115011282088	0.000966408015742952	0.00135890336498446
vm_mfinanciacion_limite_rank_delta1	0.000403830420768629	0.00103894497140491	0.00157972516179443
mtransferencias_recibidas_rank_delta2	0.00040223099749157	0.000846203810997125	0.00115506786023679
vmr_mpagospesos_delta3	0.000400617495666485	0.000580192386322556	0.00101917752373834
Visa_Finiciomora_lag1	0.000400584094459235	0.00225043119402995	0.000560547638056089
vmr_msaldopesos_delta3	0.000400258750770622	0.000485500245803096	0.000900273479302203
Visa_mconsumosdolares_rank_lag1	0.000399581370738776	0.000652362593295466	0.00159671145385674
cpayroll_trx_lag1	0.000398719416464953	7.48614718278862e-05	1.69862920623057e-05
vm_status01_delta1	0.000396457899875513	0.000553736191514867	0.000203835504747669
Visa_mpagominimo_rank_delta1	0.000396082416421784	0.000961364787090076	0.00163068403798135
mtransferencias_recibidas_rank_lag1	0.000393569291595533	0.00224497696823594	0.00142684853323368
vmr_Visa_mlimitecompra_lag1	0.000388764821062213	0.00058722188721454	0.00134191707292215
mtransferencias_emitidas_rank_delta2	0.000387786361963241	0.00168146643712299	0.000985204939613732
Master_fultimo_cierre	0.000385789295942315	0.000674421843582365	0.00152876628560751
vm_mlimitecompra_rank_lag3	0.00038468887661154	0.000764992346503057	0.00140986224117137
vmr_Visa_mlimitecompra_lag2	0.000383599703571951	0.000960631025429421	0.00139287594910907
vm_mfinanciacion_limite_rank_delta2	0.000382316581280552	0.00103583934924477	0.00164767033004365
ccaja_ahorro_lag3	0.000380431102951036	0.000696565060215202	0.000305753257121503
Master_fultimo_cierre_lag2	0.000376340203641161	0.000771329842379443	0.00144383482529599
mcaja_ahorro_dolares_rank_lag3	0.000375805680262944	0.00128431607887683	0.00123999932054832
ccaja_ahorro_lag2	0.000371668839755652	0.00056877383163204	0.000271780672996892
mtransferencias_emitidas_rank_lag3	0.0003703766533836	0.00230070702528102	0.00130794448879754
vmr_msaldototal_lag2	0.000369877312463265	0.000399537094078513	0.00083232831105298
vm_mpagominimo_rank_delta2	0.000369168345725589	0.00176268341379625	0.00120602673642371
Master_mpagominimo_rank_lag2	0.000367631833362129	0.000554326032442288	0.000866300895177592
Master_delinquency	0.000362526868216229	0.00063813328027655	0.000373698425370726
Master_fultimo_cierre_lag3	0.00036143346801695	0.000738833582843433	0.00134191707292215
ccajas_consultas_delta3	0.000360871935018595	0.00100844695233267	0.000254794380934586
Visa_mconsumosdolares_rank_lag2	0.000360283940111338	0.000696820885736817	0.00154575257766982
vmr_mpagominimo_delta1	0.000360199165769846	0.00122555349267779	0.000696437974554535
vm_mfinanciacion_limite_rank_lag3	0.00035879420984848	0.00057844831017571	0.00130794448879754
vm_mfinanciacion_limite_rank	0.000356792262728295	0.000467650827981921	0.00125698561261062
vmr_Master_mlimitecompra_lag2	0.000354323385975135	0.000686707509364225	0.00146082111735829
mpayroll_sobre_edad_rank_lag2	0.00035304599957481	0.000911483642970487	0.000577533930118395
vm_status05_delta3	0.000349937329777491	0.000422194378052306	0.000169862920623057
ccomisiones_otras_delta3	0.000346548311505231	0.00140233889534227	0.00112109527611218
ccomisiones_otras_lag2	0.000346251743881968	0.00153556301834108	0.00095123235548912
cproductos	0.000344821079174185	0.000634826086029655	0.000135890336498446
Visa_msaldopesos_rank_lag1	0.0003437780867868	0.000933032035061846	0.0011890404443614
mtransferencias_recibidas_rank_lag2	0.000342320440305575	0.000832712299386623	0.00132493078085985
mcaja_ahorro_dolares_rank_lag2	0.000341828670470851	0.00117562481545139	0.00110410898404987
Master_fultimo_cierre_lag1	0.0003408944923901	0.000737875029985066	0.00134191707292215
ccajas_transacciones_lag3	0.000340415716976208	0.000554382060345782	0.000849314603115286
vmr_msaldopesos_delta2	0.000340314569827121	0.000818984556918867	0.000798355726928369
cplazo_fijo	0.000337967385367849	0.00146959182318121	0.00023780808887228
Visa_cconsumos_delta2	0.000333473650552931	0.000792656803437113	0.00107013639992526
vm_fultimo_cierre_lag1	0.000332788367647788	0.00129653744848641	0.00130794448879754
mtarjeta_visa_consumo_rank_lag2	0.000332114752340718	0.00134460168773554	0.00123999932054832
vmr_mconsumospesos	0.000330453811335695	0.000455262092000237	0.000628492806305312
vmr_msaldopesos_lag3	0.000330442308841509	0.000494050239793077	0.000968218647551426
mpayroll_sobre_edad_rank_delta1	0.000329875888558223	0.00143407911797297	0.000577533930118395
mcuenta_debitos_automaticos_rank_lag3	0.000329773827447976	0.000848151044926116	0.000968218647551426
ccajas_transacciones_lag2	0.00032894692939517	0.000893501064491883	0.000985204939613732
vm_fultimo_cierre_lag2	0.000328480284336668	0.000811258444943747	0.00134191707292215
mcuenta_debitos_automaticos_rank_delta3	0.000326881085530327	0.0012868620638311	0.000611506514243006
vmr_msaldopesos2	0.000325498651299728	0.000516247105786335	0.00095123235548912
tcallcenter_lag1	0.000325373985461073	0.00125172199703761	0.000968218647551426
Master_msaldototal_rank_lag2	0.000323417956660245	0.000356458771920599	0.000747396850741452
mcuenta_corriente_rank_delta1	0.000322341571171746	0.00130786361754361	0.000900273479302203
vm_mlimitecompra_rank_lag2	0.000321706782940315	0.000623084729064963	0.00101917752373834
matm_rank_lag2	0.000320826578589361	0.00106177203804852	0.00105315010786295
ccomisiones_otras_delta2	0.000320702185452092	0.000985936684973575	0.000849314603115286
Visa_mconsumosdolares_rank_delta2	0.000319204224656686	0.000649843338634775	0.00125698561261062
mautoservicio_rank_delta2	0.000318292664589864	0.000914344539476677	0.00107013639992526
mcaja_ahorro_dolares_rank_delta1	0.000316765732581719	0.000791768587495329	0.000509588761869172
mtarjeta_visa_consumo_rank_lag3	0.000316708766571488	0.000915532187563079	0.00129095819673523
mpagomiscuentas_rank_delta3	0.000316476354631424	0.00154751077998799	0.000662465390429923
tcallcenter_lag2	0.000309654459652621	0.000765811395922468	0.000798355726928369
mpayroll_sobre_edad_rank_delta2	0.000308810251986496	0.000966605057271481	0.000611506514243006
internet_lag2	0.000307949344699309	0.000915347038749915	0.000254794380934586
mpagomiscuentas_rank_delta2	0.000304291636405656	0.00127351247195728	0.000611506514243006
vmr_Visa_mlimitecompra_lag3	0.000303371711988062	0.000806462207223931	0.00122301302848601
vmr_msaldopesos2_lag2	0.000303127913697087	0.00101758565461052	0.00120602673642371
Visa_mconsumosdolares_rank_delta1	0.000301672417463129	0.000319398881075438	0.00100219123167604
ccajas_consultas	0.000301132144311662	0.00103460050585033	0.000169862920623057
vm_mconsumototal_rank_delta3	0.000299712900813404	0.000611131719521438	0.00103616381580065
vmr_msaldopesos2_delta2	0.000299070339484997	0.000979343816631397	0.00112109527611218
ctarjeta_debito_transacciones_lag2	0.000296940812348223	0.00148456622425636	0.00108712269198757
vm_fultimo_cierre	0.000295653917780697	0.000574385418815377	0.00108712269198757
vmr_mpagominimo_delta3	0.000295100885806909	0.000684429242646933	0.000815342018990675
cdescubierto_preacordado_lag2	0.000293806181396828	0.000870795114771726	0.000696437974554535
mtransferencias_recibidas_rank_delta3	0.000292074314634207	0.000963498604509006	0.00110410898404987
Visa_mpagado_rank_delta2	0.000291643839284929	0.00195925746422468	0.000747396850741452
mttarjeta_visa_debitos_automaticos_rank_lag3	0.000290371384211755	0.000962719499511358	0.00110410898404987
mcuenta_debitos_automaticos_rank_delta2	0.000289444564236565	0.00211656803579222	0.000815342018990675
Visa_mconsumosdolares_rank_delta3	0.000289167622013227	0.00073250930109523	0.00110410898404987
Master_cconsumos_lag2	0.000288882915630878	0.000807764440679002	0.000645479098367617
ctarjeta_visa_transacciones_lag3	0.000286988538376237	0.00113281949718173	0.00108712269198757
Master_mconsumototal_rank_lag3	0.000286262770668477	0.00078391588417222	0.000849314603115286
mttarjeta_visa_debitos_automaticos_rank	0.00028611766185261	0.000665169990612628	0.000934246063426815
Visa_cconsumos_delta1	0.000285894229050448	0.000464447949838365	0.000883287187239897
mextraccion_autoservicio_rank_delta3	0.000282359136703477	0.00117880288878862	0.000917259771364509
ccomisiones_mantenimiento	0.000281545772100184	0.00283421280184947	0.000458629885682255
Master_mpagospesos_rank_lag1	0.000281428469579971	0.00112571928182664	0.000900273479302203
ccajas_transacciones_lag1	0.000279139900293989	0.000861300839181816	0.00083232831105298
vm_Finiciomora_lag3	0.000277721660527314	0.000842478106433361	0.000220821796809974
vm_mfinanciacion_limite_rank_lag2	0.000276896403537014	0.000434754406889889	0.000900273479302203
matm_rank_lag3	0.000274658389061994	0.000642037602098692	0.00100219123167604
Visa_fultimo_cierre_lag3	0.000274192110141764	0.000524026414066053	0.00105315010786295
vm_cconsumos_delta3	0.000274174142345997	0.000529899452214146	0.000220821796809974
vm_fultimo_cierre_lag3	0.000273720314717397	0.00039356823462377	0.00105315010786295
vmr_msaldopesos2_lag3	0.00027337203632987	0.000625777806143234	0.00117205415229909
mextraccion_autoservicio_rank_delta2	0.000273267357370617	0.00109271065390901	0.000849314603115286
Visa_fultimo_cierre	0.000272631650510857	0.000441633002438027	0.00110410898404987
Master_cadelantosefectivo	0.00027163287173153	0.000269153933129656	0.000254794380934586
vm_Finiciomora_lag2	0.000269755735835656	0.00120105714185284	0.000305753257121503
vmr_mpagospesos_lag3	0.00026950943846563	0.00102465593052661	0.00107013639992526
Master_mpagominimo_rank_lag1	0.000268980091692145	0.000615053219710217	0.000764383142803757
vmr_msaldopesos2_lag1	0.000268816882944785	0.000752104682795849	0.000968218647551426
mttarjeta_visa_debitos_automaticos_rank_lag2	0.000267965316203099	0.000593721426057097	0.000849314603115286
vmr_msaldototal_lag3	0.000263729872427888	0.000425267871003628	0.000934246063426815
vm_status05	0.000263121996157116	0.000254390316276339	0.000203835504747669
ccajas_transacciones_delta2	0.000255903644732719	0.000701990856756291	0.000339725841246114
vm_mpagominimo_rank_delta1	0.00025569005838724	0.00073516016847262	0.00071342426661684
mtransferencias_emitidas_rank_delta3	0.000255315654805263	0.000681279145506803	0.000781369434866063
vm_msaldopesos_rank_delta2	0.000253752038850756	0.000924793101649285	0.000781369434866063
mtransferencias_emitidas_rank_delta1	0.000252325963689335	0.00122875278412941	0.000730410558679146
Master_madelantopesos_rank	0.000249225124122729	0.000151713368906595	0.000288766965059197
Master_mpagospesos_rank_lag2	0.000249124475875	0.00105275460371274	0.00095123235548912
vmr_msaldototal_lag1	0.000248295883706932	0.000478273929910495	0.000781369434866063
ctarjeta_debito_delta2	0.000247962873445562	0.0016489792009488	0.000288766965059197
vm_mpagospesos_rank_delta2	0.000247809535916421	0.000482118146326732	0.000883287187239897
vm_cconsumos_lag2	0.000245070610839445	0.000711068925063101	0.00035671213330842
thomebanking_delta1	0.000244518792497013	0.000802168823713441	0.000611506514243006
vmr_mconsumototal_lag2	0.000243465877619546	0.000500131117300156	0.000900273479302203
tcuentas_lag3	0.000243051774966208	0.000640459382137863	0.000288766965059197
Master_msaldototal_rank_lag3	0.000241988011400136	0.000500514515790712	0.000968218647551426
Visa_status_delta2	0.000239968089840726	0.0002540943575597	0.000152876628560751
mextraccion_autoservicio_rank_lag2	0.000238970092814479	0.000547333002544088	0.000900273479302203
mttarjeta_visa_debitos_automaticos_rank_lag1	0.00023737963067625	0.000621884772962025	0.000781369434866063
Visa_fultimo_cierre_lag2	0.00023654460713998	0.000442656531052401	0.000747396850741452
vm_msaldototal_rank_delta2	0.000235912238003717	0.000657678032988904	0.000798355726928369
vmr_mconsumosdolares_lag3	0.000234430418463485	0.00106286858415977	0.000543561345993783
ccomisiones_otras_lag3	0.000233952892090859	0.000434004184200984	0.000611506514243006
ctarjeta_visa_transacciones_lag2	0.000233499303515089	0.000820972301589401	0.000883287187239897
Master_msaldopesos_rank_lag1	0.000233124637745417	0.000795904873899054	0.000798355726928369
Master_fechaalta_delta3	0.000232332386676621	0.000395223662847837	0.000849314603115286
vmr_mconsumototal	0.000230408186001533	0.000399253330114454	0.00071342426661684
vm_status02_delta1	0.000229009401919556	0.000168837368845196	0.000152876628560751
active_quarter_lag3	0.000228115774340476	0.000289249375195358	0.000543561345993783
active_quarter_lag1	0.000227925588955793	0.000138109084150717	0.000339725841246114
Master_fultimo_cierre_delta3	0.000225504940469052	0.000179541945312679	0.000526575053931477
mcuenta_debitos_automaticos_rank_lag2	0.000225486341310309	0.000986433951494413	0.00071342426661684
Master_fultimo_cierre_delta2	0.000224501538155655	0.000242338238526096	0.000577533930118395
vm_mconsumototal_rank_lag3	0.000223937854664393	0.000491845179345916	0.000781369434866063
mttarjeta_visa_debitos_automaticos_rank_delta1	0.000222514006133258	0.0012690537608259	0.000764383142803757
vmr_mconsumospesos_lag3	0.000221106096072721	0.000381312243998344	0.000866300895177592
vm_mfinanciacion_limite_rank_lag1	0.000220526340616435	0.000395361769364672	0.000764383142803757
vm_msaldopesos_rank_delta1	0.000220066391091618	0.000740932703737221	0.000730410558679146
mautoservicio_rank_delta3	0.000219972118548112	0.000645770782083542	0.000866300895177592
vmr_msaldopesos_delta1	0.000219951968348509	0.000470352324347576	0.000662465390429923
vm_status06_delta1	0.000219912106484517	5.35491218205208e-05	1.69862920623057e-05
Master_mpagospesos_rank_delta3	0.000218787176947621	0.000819369767632717	0.000815342018990675
vmr_msaldototal_delta3	0.000218269665756787	0.000483581592145631	0.000764383142803757
ctarjeta_debito_transacciones_delta3	0.000217302739332282	0.00161504041167107	0.000696437974554535
vm_mlimitecompra_rank_lag1	0.000216435370897071	0.00026390433754922	0.00071342426661684
Master_Finiciomora	0.000214344129327124	0.000251570761114035	5.09588761869172e-05
vmr_msaldopesos_lag2	0.000213880352991905	0.000343852078333205	0.000611506514243006
mprestamos_prendarios_rank_lag1	0.000212818290999633	0.00414529772180678	0.000679451682492229
Master_msaldototal_rank_delta2	0.000212504493618532	0.000658578745720483	0.000730410558679146
Master_mpagominimo_rank_lag3	0.000211337164048262	0.000445743389150514	0.00083232831105298
Master_fultimo_cierre_delta1	0.000211287926367032	0.000624268186384999	0.000883287187239897
vm_msaldopesos_rank_lag2	0.000210918274632769	0.000611149652981114	0.000441643593619949
mpayroll_rank_lag3	0.000208927223375322	0.00070510146253048	0.000424657301557643
Master_msaldototal_rank_lag1	0.000208239104846948	0.000752820020186352	0.000781369434866063
Visa_fultimo_cierre_delta1	0.000207728770940987	0.000325614467180676	0.000679451682492229
vm_msaldototal_rank_lag1	0.000207229957036678	0.000905452148548159	0.000577533930118395
vmr_mconsumototal_lag3	0.000206281285226675	0.000406958488257742	0.000747396850741452
vm_mconsumospesos_rank_delta3	0.000204634564057605	0.000538010170828684	0.000730410558679146
Visa_fultimo_cierre_lag1	0.000204124654512287	0.000430237440330549	0.000866300895177592
mv_status07_rank_delta3	0.000203599629257927	0.00113156876107192	0.000373698425370726
vmr_mconsumototal_delta2	0.000202653503578289	0.00057474359719843	0.000458629885682255
Master_msaldopesos_rank_delta3	0.000200848810448504	0.000752604780915583	0.000747396850741452
mcaja_ahorro_dolares_rank_lag1	0.000198680635983498	0.000878926220898318	0.000662465390429923
vmr_msaldopesos_lag1	0.000197805997165953	0.000430951796100102	0.000730410558679146
mpagomiscuentas_rank_lag3	0.000196765653904589	0.000915081283754836	0.00071342426661684
vm_msaldototal_rank_delta3	0.000194633203579343	0.000330227972385053	0.000747396850741452
Visa_delinquency_lag2	0.000191912606384718	0.000299404470458355	0.000254794380934586
vm_mlimitecompra_rank	0.000190983129489733	0.000384665083619446	0.000815342018990675
vm_mpagospesos_rank_lag3	0.000190256059373921	0.000367182187959405	0.000662465390429923
Master_mpagominimo_rank_delta3	0.000188831377485192	0.000610658502713892	0.000696437974554535
vm_status03_delta2	0.000186985761011993	0.000871668002324819	0.000169862920623057
cprestamos_personales_lag3	0.000186282507737441	0.00206892559151468	0.000492602469806866
Master_Fvencimiento_delta3	0.000185283436802283	0.000237887908927448	0.000730410558679146
vm_msaldopesos_rank_lag3	0.000184303603668735	0.000315853039673565	0.000679451682492229
vm_mpagospesos_rank_delta1	0.000183284057707961	0.00097090365092394	0.00071342426661684
Master_mpagospesos_rank_lag3	0.000182580116785271	0.000825000232142028	0.000696437974554535
vm_msaldopesos_rank_lag1	0.00018210314983088	0.00128768726725878	0.000628492806305312
mtransferencias_recibidas_rank_delta1	0.000181578341248154	0.0005112733834477	0.000645479098367617
Master_mconsumototal_rank_lag1	0.000180763301259684	0.000451250169420036	0.000747396850741452
ctarjeta_debito_transacciones_delta1	0.000180428198392815	0.00309791420814445	0.000543561345993783
Master_msaldopesos_rank_lag2	0.000179587773679105	0.000661116235878066	0.000730410558679146
tcuentas_lag2	0.000179007310610811	0.00147168437476555	0.000390684717433032
vm_fultimo_cierre_delta1	0.000178798146162081	0.000157038511545584	0.000526575053931477
mautoservicio_rank_lag1	0.000178153190648682	0.000649571240858168	0.000696437974554535
Master_mconsumototal_rank_delta2	0.000178091649986832	0.000363318414633458	0.000645479098367617
vmr_mpagospesos_lag1	0.000177700880854818	0.000363434510188205	0.000441643593619949
Master_msaldopesos_rank_lag3	0.00017742041413191	0.000333571184569909	0.000764383142803757
vmr_msaldototal_delta2	0.000176683981513689	0.000416264405889072	0.0005945202221807
cextraccion_autoservicio_lag3	0.000176564462155314	0.00107223679696681	0.00047561617774456
vm_cconsumos_delta2	0.000176217478480035	0.000385100583529694	0.000152876628560751
minversion2_rank	0.000176096525295961	0.00158431869628603	0.000305753257121503
vmr_mpagospesos_delta2	0.000175856259091498	0.000765607709575196	0.000696437974554535
active_quarter	0.000175853315157573	0.000465095253346054	0.0005945202221807
Visa_mpagosdolares_rank_lag3	0.000175535671314832	0.000303042131173772	0.000577533930118395
Master_mconsumototal_rank_delta3	0.000175375187859057	0.000355927601722309	0.000560547638056089
vmr_mconsumospesos_lag2	0.000174830923429733	0.000418642269378209	0.000696437974554535
mplazo_fijo_dolares_rank_delta2	0.000174606903662015	0.000614488749908907	0.000203835504747669
vmr_mconsumospesos_delta3	0.000174281089569128	0.00116230878746315	0.000781369434866063
Master_mconsumototal_rank	0.000173291923856645	0.000506317594568741	0.000611506514243006
Master_mconsumospesos_rank_lag3	0.000172433763597432	0.000714224156835895	0.00071342426661684
cplazo_fijo_delta3	0.000172375361550738	0.000317224703933573	6.79451682492229e-05
cmobile_app_trx_delta2	0.000172310966278767	0.00115417220691203	0.000492602469806866
vm_mconsumospesos_rank_lag3	0.000172018866888976	0.000547736788546697	0.00071342426661684
ctarjeta_debito_transacciones_delta2	0.000171523181020534	0.00198179955875537	0.000628492806305312
vmr_msaldototal_delta1	0.000170984910609238	0.000686869476821092	0.000747396850741452
Master_msaldopesos_rank_delta2	0.000170652638218315	0.00118028985575568	0.000679451682492229
Master_cconsumos_lag3	0.000169361075572054	0.000432125286192022	0.0005945202221807
vmr_mconsumototal_delta3	0.00016926301289115	0.000914168187497417	0.000628492806305312
mprestamos_prendarios_rank_lag2	0.000167696811877847	0.000772296965543803	0.000152876628560751
Master_mconsumospesos_rank_lag2	0.000165708427382563	0.000507065400959921	0.000577533930118395
Master_Fvencimiento_delta2	0.000165105609257057	0.000408174301314499	0.0005945202221807
mpagomiscuentas_rank_lag2	0.000165047766198728	0.000528005414589752	0.000560547638056089
mtarjeta_master_consumo_rank_delta3	0.000164760532466343	0.000483585367610826	0.000407671009495337
vm_mconsumototal_rank_lag2	0.000164542302086981	0.000530873597743769	0.000611506514243006
mcuenta_debitos_automaticos_rank_lag1	0.00016427155525102	0.000988626930452949	0.000560547638056089
vm_mconsumototal_rank_delta1	0.000163451251751339	0.000504786039357723	0.000628492806305312
Visa_status_delta3	0.000163432151285078	0.000709909328683098	0.000271780672996892
vm_msaldototal_rank_lag3	0.000162517673207773	0.000601160564922742	0.0005945202221807
ctarjeta_debito_transacciones_lag3	0.000162456786164788	0.000673857033989188	0.000611506514243006
vm_mconsumosdolares_rank_lag2	0.000162453284858396	0.00125130982950227	0.000560547638056089
mpagomiscuentas_rank_lag1	0.000161941233481789	0.00104921257553072	0.000747396850741452
ctarjeta_visa_debitos_automaticos_delta3	0.000161823950068496	0.000511899921896816	0.00011890404443614
mextraccion_autoservicio_rank_lag1	0.000161208576499805	0.000396158241502216	0.000458629885682255
Master_mpagominimo_rank_delta2	0.000161027900795246	0.00063328954720458	0.000662465390429923
vmr_mconsumototal_lag1	0.000159337953757948	0.00044229102826687	0.000628492806305312
vmr_mconsumospesos_lag1	0.000159177937557782	0.00059613598706793	0.000611506514243006
Master_mpagospesos_rank_delta1	0.000157522090673938	0.000397002284501218	0.000645479098367617
active_quarter_lag2	0.000157356243249773	0.000278030316085747	0.000492602469806866
vm_mconsumospesos_rank_delta2	0.000157070778430171	0.000439919771841824	0.000543561345993783
vmr_msaldopesos2_delta1	0.000156166103338864	0.000447098403609012	0.000662465390429923
Master_fechaalta_delta1	0.000155603324362771	0.000157459740197394	0.000390684717433032
mautoservicio_rank_delta1	0.000152277602791351	0.000754935262316523	0.000492602469806866
matm_rank_delta2	0.000151214835230352	0.000742349145014442	0.000577533930118395
matm_other_rank_lag3	0.000151161721733448	0.000370459480521955	0.000492602469806866
vm_Fvencimiento_delta3	0.000151040146900361	0.000332974736578397	0.000492602469806866
cpagomiscuentas_delta2	0.00014937495834749	0.00104482684414156	0.000186849212685363
Master_fechaalta_delta2	0.000149243718455523	0.000377588880223	0.000509588761869172
vm_mconsumospesos_rank_lag2	0.000148946630342455	0.000296509896802626	0.000509588761869172
Master_mconsumosdolares_rank_lag3	0.000148183119891416	0.000145835498163053	0.000492602469806866
Master_mconsumospesos_rank_lag1	0.000146331167644526	0.000362604247637165	0.000526575053931477
Master_msaldototal_rank_delta3	0.000144541641227676	0.000381723316648779	0.000628492806305312
cproductos_lag3	0.000144163026497299	0.00162922759049841	0.000543561345993783
vm_mconsumospesos_rank_delta1	0.000143201003223867	0.000367098938951855	0.000509588761869172
vmr_mconsumosdolares_lag2	0.000141585112310829	0.000542391107377047	0.000424657301557643
Master_mconsumospesos_rank_delta3	0.000141275607855465	0.000341899218961073	0.000424657301557643
vm_status01_delta2	0.000138523717493965	0.000415332885361501	0.000288766965059197
Visa_Finiciomora_delta1	0.000138356456616907	0.000540073160520555	0.000101917752373834
vm_msaldototal_rank_delta1	0.00013479573911293	0.000402242592437275	0.000560547638056089
ccomisiones_otras_delta1	0.000132901163403128	0.000669702474333919	0.000492602469806866
cseguro_accidentes_personales	0.000132119157261016	0.000595505559889663	0.000390684717433032
Visa_fechaalta_delta2	0.000131002559424249	0.000193140227078897	0.000254794380934586
vm_cconsumos_lag3	0.000130978094214994	0.00135491739128794	0.000526575053931477
tcallcenter_lag3	0.000130364101547648	0.000433580161704929	0.000407671009495337
vm_mconsumosdolares_rank_lag3	0.000129712331967877	0.000431987443957752	0.000458629885682255
Master_mpagosdolares_rank_lag2	0.00012914248575942	0.000144400519351724	0.000407671009495337
ccajas_depositos	0.000126772288138647	0.00199444604574592	0.000322739549183809
Master_mconsumototal_rank_lag2	0.000125809234258332	0.000301438124785661	0.000458629885682255
ctarjeta_master_descuentos_delta2	0.00012550956526794	8.14832602334583e-05	8.49314603115286e-05
vmr_mconsumospesos_delta2	0.000125276428375884	0.000411408364800566	0.000526575053931477
catm_trx_lag3	0.000124491806944451	0.000553996132293545	0.000271780672996892
Master_cconsumos	0.000124033185173316	0.000478114378751353	0.000407671009495337
Master_status_delta1	0.000123893965762646	0.000329468613070376	0.00023780808887228
Visa_fultimo_cierre_delta2	0.000123557619301867	0.000187396687386994	0.00047561617774456
ctransferencias_recibidas_delta3	0.000123383549717865	0.00128446668218346	0.000305753257121503
Master_mpagominimo_rank_delta1	0.000120885213795564	0.000778357417784178	0.000441643593619949
vmr_mpagospesos_delta1	0.000120109011065646	0.00103103846770277	0.0005945202221807
Visa_mpagosdolares_rank	0.000118104679413022	0.000123854060213823	0.000424657301557643
ctransferencias_recibidas_delta2	0.000116967674928012	0.00188722827087681	0.00035671213330842
vm_status03_delta3	0.000116778419404127	0.00118774673930774	0.000254794380934586
Visa_fechaalta_delta3	0.000116426779323618	0.000245940221095419	0.000407671009495337
Visa_cadelantosefectivo	0.000116351517542943	0.00020820980763162	0.000220821796809974
cinversion1	0.000114652385855305	0.000524854222564716	8.49314603115286e-05
mtarjeta_master_consumo_rank_delta1	0.000114545836849184	0.0015135678754532	0.00035671213330842
Master_mconsumospesos_rank	0.000113893904860069	0.000339014159477635	0.000441643593619949
Visa_Fvencimiento_delta3	0.000113863004202051	0.00025522254206928	0.000441643593619949
vm_msaldototal_rank_lag2	0.000113348527899106	0.000362935393689422	0.000373698425370726
vmr_mpagospesos_lag2	0.000113306976832661	0.000147119496121232	0.000424657301557643
Master_mconsumospesos_rank_delta1	0.000111820636196013	0.000492443930371197	0.000458629885682255
Master_msaldopesos_rank_delta1	0.000111613985486605	0.000880286483253437	0.000492602469806866
Master_msaldototal_rank_delta1	0.000110231094029785	0.00037475275076849	0.000509588761869172
Master_cconsumos_lag1	0.000110188843100171	0.000200996139547422	0.000441643593619949
cproductos_lag2	0.000109593518292739	3.11581214069339e-05	8.49314603115286e-05
Visa_delinquency_delta1	0.000108235424899164	4.98450129176719e-05	0.000152876628560751
cseguro_vida_lag3	0.000107675629393945	0.00100452488582411	0.00023780808887228
ccomisiones_mantenimiento_lag3	0.000107011139613231	0.00173056775890655	0.00035671213330842
vm_mconsumototal_rank_delta2	0.000106993291734671	0.000435943716180977	0.000390684717433032
Master_delinquency_lag1	0.000106660403980898	9.73343620815535e-05	0.00023780808887228
vmr_mconsumototal_delta1	0.000104751480668608	0.000310708251006942	0.000339725841246114
vm_mconsumospesos_rank	0.000102106470482627	0.000269579163774573	0.000373698425370726
vm_status05_delta2	0.000102033056141524	0.000486957084557904	0.000203835504747669
mtarjeta_master_consumo_rank_lag3	0.000101367458209701	0.000195129934991333	0.000305753257121503
vm_status03_lag1	0.000101143099502809	2.2363590536271e-05	8.49314603115286e-05
vm_fultimo_cierre_delta2	9.88979122872647e-05	0.000192788315968068	0.000407671009495337
cprestamos_personales_lag2	9.8071225931874e-05	0.00163532300354649	0.000339725841246114
ccallcenter_transacciones_delta3	9.80533544718292e-05	0.000694963923180639	0.000271780672996892
cpagomiscuentas_delta3	9.66467017889826e-05	0.000779963425168842	0.000203835504747669
Master_cconsumos_delta3	9.64724937530847e-05	0.000173547941259738	0.000271780672996892
ctransferencias_recibidas_lag2	9.60289128153136e-05	0.00144977761551788	0.000339725841246114
mpagomiscuentas_rank_delta1	9.49172425261839e-05	0.000556637258970732	0.000271780672996892
Visa_msaldodolares_rank_lag3	9.36072811637955e-05	0.000682553289500824	0.000322739549183809
mforex_sell_rank_lag3	9.33993477645644e-05	0.000697357756887551	0.000271780672996892
Master_status_delta3	9.28796577651775e-05	9.85325437158498e-05	0.000169862920623057
vmr_Visa_mlimitecompra_delta3	9.15795835653076e-05	0.000633793949354636	0.000288766965059197
Master_mconsumosdolares_rank_lag1	9.12665281543018e-05	0.000116026539243565	0.000407671009495337
Visa_mpagado_rank_lag1	9.07708613880699e-05	0.00015099742744166	0.000254794380934586
vm_mpagado_rank_delta2	9.06073209367642e-05	0.000892128796157444	0.000271780672996892
vm_mpagado_rank_lag2	9.02983527577915e-05	0.000298139387580803	0.000203835504747669
Master_mconsumototal_rank_delta1	9.0055318518908e-05	0.000450767513949503	0.000407671009495337
mtarjeta_master_consumo_rank_lag2	8.96816833686792e-05	0.000315649542099553	0.00035671213330842
Master_cconsumos_delta1	8.96046151480583e-05	0.000148188519091206	0.000339725841246114
ctarjeta_debito_lag3	8.92122767754591e-05	0.000504048426722569	0.000271780672996892
tcuentas_delta3	8.91328080669349e-05	4.43624711347016e-06	1.69862920623057e-05
Master_mconsumosdolares_rank	8.9087946905961e-05	0.000129192152698431	0.000322739549183809
Visa_fechaalta_delta1	8.89891209922325e-05	0.000134214880575298	0.00023780808887228
matm_rank_delta3	8.84913656091926e-05	0.000365256625200633	0.000424657301557643
tcuentas_lag1	8.67653975721502e-05	0.00165298379912652	0.000339725841246114
Master_mpagospesos_rank_delta2	8.65180684898591e-05	0.000297008371472326	0.000322739549183809
Master_mpagosdolares_rank_lag3	8.56655617156273e-05	0.000132177450782797	0.00035671213330842
Visa_madelantopesos_rank_lag3	8.55481785248541e-05	9.66257072644454e-05	0.000339725841246114
mforex_sell_rank_delta3	8.51986267008928e-05	0.000887406859592665	0.000288766965059197
vmr_mconsumosdolares	8.40037360141556e-05	0.000671906741933388	0.000271780672996892
vmr_Visa_mlimitecompra_delta2	8.30640355743722e-05	0.00064623493777462	0.000203835504747669
Master_status_delta2	8.23669415333874e-05	0.00021666900168366	0.000135890336498446
Visa_mpagado_rank_lag3	8.17226201743337e-05	0.000249187460955017	0.000305753257121503
Visa_mpagosdolares_rank_delta1	8.13167959692232e-05	8.44935896520676e-05	0.000339725841246114
ccajas_extracciones	8.09385786107042e-05	0.00188947520123298	0.000305753257121503
Visa_Fvencimiento_delta2	8.09293638777806e-05	0.000299738032808337	0.000271780672996892
Master_delinquency_lag2	8.06706810700984e-05	0.000227969761860091	0.000135890336498446
mplazo_fijo_dolares_rank_lag3	8.06193777647399e-05	0.000879434738305437	0.000254794380934586
Visa_mpagosdolares_rank_lag1	8.01392054200671e-05	0.000160173506824934	0.000373698425370726
ctarjeta_debito_transacciones_lag1	7.9985906733826e-05	0.000570494197857462	0.000305753257121503
cseguro_vida_lag2	7.90225593484469e-05	0.000498250067276034	0.00011890404443614
Master_mconsumospesos_rank_delta2	7.86059497332324e-05	0.000185717209449635	0.000254794380934586
Master_mconsumosdolares_rank_lag2	7.85869612790212e-05	7.85302046218577e-05	0.00023780808887228
Visa_Finiciomora_lag2	7.83725148346363e-05	0.000398104909111428	0.000101917752373834
Visa_mpagosdolares_rank_delta3	7.78261099752904e-05	0.000103951959720759	0.000390684717433032
vm_mconsumototal_rank_lag1	7.72500251104479e-05	0.000134291975574581	0.000220821796809974
mcheques_depositados_rank	7.70602139925026e-05	0.000629825067077659	0.000101917752373834
matm_other_rank_delta3	7.67147439984034e-05	0.000594839341301347	0.000271780672996892
vm_fechaalta_delta3	7.54264308851319e-05	0.000233434143655473	0.00023780808887228
ctarjeta_debito_lag2	7.53505394163021e-05	0.0014088534605363	0.000305753257121503
Visa_msaldodolares_rank_lag2	7.52719877952715e-05	0.000643877763834752	0.000271780672996892
cmobile_app_trx_delta1	7.47056412041234e-05	0.00157046228596443	0.00035671213330842
ctarjeta_master_transacciones_lag3	7.46401062944011e-05	0.000278979581299735	0.000186849212685363
matm_rank_lag1	7.37706912833629e-05	0.000573885131922383	0.000339725841246114
internet_delta3	7.37066168066672e-05	0.000887319382064096	0.000305753257121503
Visa_mpagado_rank_delta3	7.3379433337998e-05	0.000389197189794218	0.000305753257121503
ctransferencias_emitidas_delta3	7.30775058622192e-05	0.000391127471884484	0.000135890336498446
ctarjeta_debito_delta3	7.3042572751735e-05	0.00101462221646963	0.000203835504747669
Visa_fultimo_cierre_delta3	7.26933889418453e-05	8.7860511758348e-05	0.000271780672996892
ctarjeta_visa_transacciones_lag1	7.17010852673868e-05	0.000273951983072766	0.000271780672996892
vmr_mconsumospesos_delta1	7.15843718376599e-05	0.000274601287577009	0.000271780672996892
vmr_mconsumosdolares_delta3	7.1338556838505e-05	0.00050115445714127	0.000254794380934586
cmobile_app_trx	7.1259073927496e-05	0.00120110135255027	0.000305753257121503
cextraccion_autoservicio_delta3	7.09497167433578e-05	0.000204647807238712	0.000152876628560751
vmr_mpagado_delta2	7.09054941359263e-05	0.0012554608024656	0.000288766965059197
matm_other_rank_delta1	7.06119525351646e-05	0.0010882928310657	0.000254794380934586
vm_mconsumospesos_rank_lag1	7.00017406876276e-05	0.000134860220841086	0.000271780672996892
Visa_mpagado_rank	6.99383072432099e-05	0.000569019954208105	0.000254794380934586
mplazo_fijo_dolares_rank_lag2	6.99190136588849e-05	0.000554607908673749	0.000152876628560751
ctransferencias_emitidas_lag3	6.95248770194677e-05	0.000808407628929628	0.00023780808887228
ccajas_depositos_delta2	6.90161852813947e-05	0.000325885507827028	8.49314603115286e-05
mtarjeta_master_consumo_rank_lag1	6.89178406666521e-05	0.000780397263874403	0.000254794380934586
mtarjeta_master_descuentos_rank_lag2	6.889899191487e-05	0.000332172450224452	0.000203835504747669
mprestamos_prendarios_rank_lag3	6.8660887346459e-05	0.000369800661845422	8.49314603115286e-05
vm_cconsumos	6.86534454230694e-05	0.000340080652885929	0.000152876628560751
cseguro_accidentes_personales_lag3	6.85641941502009e-05	0.000377253392385769	0.000169862920623057
matm_other_rank_lag2	6.8300540204866e-05	0.000237899839397464	0.000305753257121503
cseguro_vida_delta2	6.79741421827345e-05	0.00192743206709918	0.000322739549183809
cprestamos_personales	6.79334628719521e-05	0.000239695073097704	5.09588761869172e-05
ctarjeta_visa_transacciones_delta1	6.73067149887335e-05	0.0015468314982901	0.000271780672996892
vmr_Master_mlimitecompra_delta3	6.72752091432772e-05	0.00044658441177736	0.00023780808887228
matm_other_rank_delta2	6.71726825666884e-05	0.000187794621418551	0.000186849212685363
vmr_msaldodolares2_delta2	6.70270529672249e-05	0.0012319215320676	0.000288766965059197
Visa_mpagosdolares_rank_lag2	6.69721919840849e-05	8.83384478973875e-05	0.000305753257121503
ccuenta_debitos_automaticos_delta3	6.56073491834055e-05	0.000312962014955119	6.79451682492229e-05
mextraccion_autoservicio_rank_delta1	6.45076252831052e-05	0.000631970437420086	0.000305753257121503
vm_status02_delta2	6.3821411729999e-05	0.000358060286501681	0.000220821796809974
Master_cconsumos_delta2	6.3746662176677e-05	0.000310593703392925	0.000220821796809974
mtarjeta_master_descuentos_rank_delta1	6.37401474343709e-05	0.000108780515422645	0.000169862920623057
vm_mconsumosdolares_rank_lag1	6.37013592648315e-05	0.00118795948677148	0.000305753257121503
vm_fultimo_cierre_delta3	6.3059906830039e-05	8.27218770999935e-05	0.00023780808887228
ccajas_extracciones_delta2	6.29168243881645e-05	0.00105866245164993	0.00023780808887228
Master_cadelantosefectivo_lag3	6.25465570342456e-05	5.16680717963985e-05	0.000186849212685363
Visa_madelantopesos_rank	6.25363073957313e-05	0.000196090790883469	0.000220821796809974
Master_madelantopesos_rank_lag3	6.24094549103592e-05	8.06048982558334e-05	0.000254794380934586
Visa_mpagado_rank_delta1	6.17083388864609e-05	0.000292831612081711	0.000220821796809974
mplazo_fijo_dolares_rank_delta1	6.13501481108153e-05	0.000975999358543027	0.000169862920623057
Visa_Fvencimiento_delta1	6.1141165424861e-05	6.81022564892149e-05	0.000186849212685363
Master_mpagosdolares_rank_delta1	6.08924289120554e-05	7.97473390914331e-05	0.00023780808887228
Visa_madelantopesos_rank_lag1	6.04767580900188e-05	2.29735924478328e-05	0.00011890404443614
mtarjeta_visa_descuentos_rank_delta2	6.0145971053464e-05	0.000157738256264832	0.000169862920623057
mtarjeta_visa_descuentos_rank_delta1	5.91862210820041e-05	0.000209961774500724	0.000203835504747669
Master_delinquency_delta2	5.87196535565639e-05	0.000809012647227133	0.000203835504747669
vmr_msaldodolares2_lag3	5.84538407442149e-05	0.000993555951283675	0.00023780808887228
ccajas_otras_lag3	5.79376625994981e-05	0.000837640112068486	0.000169862920623057
mtarjeta_master_consumo_rank_delta2	5.78514510156729e-05	0.000151136930880617	0.000220821796809974
vmr_msaldodolares2_delta3	5.66849245668887e-05	0.000950995660705171	0.000254794380934586
Master_Fvencimiento_delta1	5.58168776280639e-05	6.79982046684397e-05	0.000271780672996892
ctarjeta_debito_delta1	5.5456042867826e-05	0.00208989663946841	0.000339725841246114
ctarjeta_master_descuentos_delta1	5.52379337008663e-05	0.000187382302864601	0.000135890336498446
vm_Fvencimiento_delta2	5.50147022603779e-05	0.000241566042629755	0.000169862920623057
mcuenta_debitos_automaticos_rank_delta1	5.49009158823776e-05	0.000370370039751485	0.000203835504747669
Master_mpagosdolares_rank_lag1	5.47327799223451e-05	0.000106091968902609	0.000288766965059197
mcheques_emitidos_rank_lag3	5.47286358114608e-05	0.000629917754748198	0.000186849212685363
mforex_buy_rank_delta3	5.41970033981538e-05	0.00128389149006099	0.000220821796809974
matm_rank	5.33049051542496e-05	0.000208274141558543	0.000271780672996892
catm_trx_lag2	5.32532507840112e-05	0.00057819897845423	0.000186849212685363
Master_mconsumosdolares_rank_delta3	5.30636745876699e-05	8.17220584070443e-05	0.000203835504747669
Visa_mpagado_rank_lag2	5.27923249500188e-05	0.000181213721301041	0.000186849212685363
cprestamos_personales_lag1	5.25406051114901e-05	0.00149067779629548	0.000271780672996892
Visa_msaldodolares_rank_delta3	5.22915546255142e-05	0.000408078668781109	0.000169862920623057
vm_mpagospesos_rank_lag1	5.19508561973591e-05	0.000242300823666013	0.000203835504747669
ctarjeta_visa_debitos_automaticos_lag3	5.17430148239769e-05	0.000489331323600454	0.000152876628560751
cseguro_auto	5.15448167367978e-05	0.00157456266769415	0.000254794380934586
Master_madelantodolares_rank	5.14979196811935e-05	8.38513452677402e-05	0.000169862920623057
ccajas_otras_delta3	5.07678666792756e-05	0.000636262046461935	0.00011890404443614
vm_mpagado_rank_delta3	5.07438932422221e-05	0.000602360445516376	0.000186849212685363
vmr_msaldodolares2_lag2	5.058113508879e-05	0.000410904189178421	0.000169862920623057
Visa_msaldodolares_rank_delta2	5.04917416124259e-05	0.000306859692805732	0.000152876628560751
ctarjeta_master_transacciones_delta2	5.03558654577466e-05	0.000678391367688425	0.000169862920623057
ccajas_depositos_delta3	5.03467770286816e-05	0.000370061810772962	8.49314603115286e-05
Visa_delinquency_lag3	5.00372944339229e-05	6.11400721416584e-05	0.000186849212685363
vmr_mconsumosdolares_lag1	4.99235898765269e-05	0.000345495840369819	0.000203835504747669
ctarjeta_master_transacciones_delta3	4.97434655678082e-05	0.000193430635861699	0.00011890404443614
vm_mpagospesos_rank_lag2	4.97391939765033e-05	0.000108777797087705	0.00023780808887228
vm_mconsumosdolares_rank_delta2	4.95867155120671e-05	0.000570575747905675	0.000203835504747669
minversion2_rank_lag1	4.94375370778787e-05	0.000934595530708414	0.000152876628560751
ctarjeta_visa_lag1	4.87821735101995e-05	0.00146305003688312	0.00023780808887228
Visa_madelantodolares_rank_delta1	4.83753787945462e-05	1.73828835870248e-05	6.79451682492229e-05
Visa_status_delta1	4.7825240096921e-05	0.000264724708381449	8.49314603115286e-05
vm_mpagado_rank_delta1	4.7808314799268e-05	0.000839767511196585	0.000203835504747669
Master_madelantopesos_rank_lag2	4.76469398695996e-05	4.55531018386079e-05	0.000186849212685363
matm_other_rank_lag1	4.74307356220797e-05	0.000298968593001589	0.000152876628560751
Visa_cadelantosefectivo_delta1	4.73901836870415e-05	3.73799370297439e-05	0.000169862920623057
matm_rank_delta1	4.73767483150647e-05	0.000766064616373099	0.000220821796809974
vm_mconsumototal_rank	4.70741529700898e-05	0.000238807725512915	0.00023780808887228
mcheques_emitidos_rank_lag2	4.70413027741705e-05	0.0011652558400851	0.000271780672996892
mttarjeta_master_debitos_automaticos_rank_delta2	4.68382484197504e-05	0.00121679252569271	0.000254794380934586
vm_cconsumos_lag1	4.67556072423486e-05	0.000380244315913276	0.000186849212685363
mttarjeta_master_debitos_automaticos_rank	4.65620450159248e-05	0.00129589554389395	0.000254794380934586
mcheques_depositados_rank_lag3	4.6458694873865e-05	0.000387928482470079	8.49314603115286e-05
Visa_msaldodolares_rank	4.61193292685173e-05	0.00025891524906724	0.000169862920623057
vm_mpagosdolares_rank_delta2	4.61154344827003e-05	0.000846191918281761	0.000220821796809974
Master_cadelantosefectivo_lag1	4.59136286517478e-05	9.44219682301034e-05	0.000169862920623057
ccajas_extracciones_lag2	4.56822178752076e-05	0.000813147310180823	0.000186849212685363
ccajas_extracciones_delta3	4.56750221282213e-05	0.000565957296841892	0.000152876628560751
Visa_mpagosdolares_rank_delta2	4.54711440296827e-05	0.000248668485509307	0.000254794380934586
Visa_status_lag3	4.54255162694936e-05	0.000524037023123251	0.000135890336498446
cpagomiscuentas_lag3	4.49973483327153e-05	0.000358880166523435	0.000135890336498446
active_quarter_delta3	4.49365524080797e-05	0.000281579668670252	0.000135890336498446
cextraccion_autoservicio_delta2	4.45794769294484e-05	0.000611737643930589	0.000186849212685363
mtarjeta_visa_descuentos_rank_delta3	4.40014341901073e-05	6.85922741168785e-05	0.000101917752373834
ctarjeta_debito_transacciones	4.38030501977616e-05	0.000217594745749482	0.000101917752373834
mtarjeta_master_descuentos_rank_delta2	4.33521544667047e-05	0.000156635140844147	0.00011890404443614
cmobile_app_trx_lag1	4.33499404869038e-05	0.00067427191985947	0.000186849212685363
catm_trx_delta3	4.29572750105352e-05	0.000172503949624007	0.000135890336498446
Master_mpagosdolares_rank_delta3	4.29328478127454e-05	9.29562948867388e-05	0.000152876628560751
ctransferencias_recibidas_lag3	4.265300990848e-05	0.000358505338338872	0.000135890336498446
vmr_Visa_mlimitecompra_delta1	4.245087514262e-05	0.00031970884676795	0.000135890336498446
vmr_mpagado_lag1	4.22822762843053e-05	0.000745805923192364	0.000203835504747669
ccajas_consultas_delta1	4.17134149601089e-05	0.00115278491222611	0.000186849212685363
vm_Finiciomora_delta2	4.15645588062046e-05	0.000927335160119754	0.000152876628560751
minversion2_rank_lag2	4.13370353569438e-05	0.000519790757418395	8.49314603115286e-05
mcaja_ahorro_adicional_rank_delta1	4.12922355390921e-05	0.00177233742931856	0.000288766965059197
Master_madelantodolares_rank_lag3	4.07481185651596e-05	4.56432221928134e-05	0.000186849212685363
Master_mpagado_rank_delta2	4.04316628588739e-05	0.000548826765348503	0.000135890336498446
cinversion1_lag1	4.03290660737753e-05	0.000629825067077659	0.000101917752373834
Master_mpagado_rank_lag2	4.01538767265687e-05	0.000562082310384316	0.000186849212685363
ccaja_ahorro_delta1	3.94772613288139e-05	0.000941447282699016	0.000152876628560751
Master_mpagado_rank_lag3	3.90121423674999e-05	0.000248909586716662	0.000220821796809974
ctransferencias_emitidas	3.87039039640042e-05	0.000496505047262888	0.00011890404443614
vmr_mpagado_delta3	3.83246636766987e-05	0.000210109734981718	0.000152876628560751
mcheques_emitidos_rank_delta1	3.82997149130315e-05	0.00115467928964238	0.000186849212685363
mcajeros_propios_descuentos_rank_lag3	3.82283370653314e-05	0.000312326490898839	0.000135890336498446
ctarjeta_master_delta2	3.7219598346917e-05	0.000374899012290145	0.00011890404443614
vmr_mconsumosdolares_delta2	3.69243538771597e-05	0.00027962526135739	0.000135890336498446
vm_mconsumosdolares_rank	3.62767663038963e-05	0.000117873308043716	0.000101917752373834
mttarjeta_master_debitos_automaticos_rank_delta3	3.62154501127654e-05	0.000593617223217714	0.000135890336498446
cextraccion_autoservicio_lag2	3.61903348048661e-05	0.000302498539694991	0.000169862920623057
mplazo_fijo_dolares_rank_lag1	3.5890508023974e-05	0.000309862282520691	6.79451682492229e-05
Master_mpagosdolares_rank_delta2	3.57363269208302e-05	6.37269453839926e-05	0.000101917752373834
Visa_cadelantosefectivo_lag3	3.53562650778392e-05	3.37417099945483e-05	0.000186849212685363
ccaja_ahorro_lag1	3.53286162788927e-05	0.000104970844512943	1.69862920623057e-05
internet_delta2	3.51429622907761e-05	0.000325957581457601	8.49314603115286e-05
catm_trx_delta2	3.50439364927057e-05	0.000394440706875691	0.000135890336498446
vmr_mpagado_lag3	3.49741184172676e-05	0.000129840098035203	0.00011890404443614
ccajeros_propios_descuentos_lag3	3.48582290889545e-05	0.000543654529049913	0.000152876628560751
vmr_mpagosdolares_lag1	3.44236001828e-05	0.000745760881892587	0.000152876628560751
vm_Fvencimiento_delta1	3.4008168078629e-05	1.67020161937522e-05	6.79451682492229e-05
mtarjeta_visa_descuentos_rank_lag3	3.39539247249304e-05	0.00014466661413867	0.000101917752373834
ctarjeta_visa_debitos_automaticos_lag2	3.39354520263623e-05	0.000351350605266368	0.000101917752373834
Master_mconsumosdolares_rank_delta2	3.39057673027545e-05	5.29024223872632e-05	0.000203835504747669
Master_mpagado_rank_delta1	3.39004646070054e-05	0.00113493300259791	0.000203835504747669
catm_trx_other_delta3	3.36596914006321e-05	0.000209116598862164	0.000101917752373834
Master_delinquency_lag3	3.2917089025384e-05	0.000121714013277321	0.000135890336498446
ctarjeta_master_transacciones_lag2	3.25151311937063e-05	8.17149605324776e-05	8.49314603115286e-05
cpayroll_trx_delta3	3.24197165783758e-05	0.000352515185260429	8.49314603115286e-05
mtarjeta_master_descuentos_rank_lag1	3.23480365482475e-05	0.000108798977447449	0.000101917752373834
vmr_mpagado_lag2	3.21801890817703e-05	9.47241187096621e-05	8.49314603115286e-05
Visa_madelantopesos_rank_lag2	3.18305463261767e-05	3.26924704621961e-05	0.000169862920623057
mprestamos_hipotecarios_rank_lag2	3.13902779616695e-05	0.00122420010166932	0.000203835504747669
vm_mconsumosdolares_rank_delta3	3.13685486958626e-05	0.00023732868702276	0.000101917752373834
Master_mpagosdolares_rank	3.13133206812128e-05	4.19556498275187e-05	0.000135890336498446
Master_madelantodolares_rank_lag1	3.11868338874934e-05	3.95523774576191e-05	0.000135890336498446
Visa_cadelantosefectivo_delta3	3.09416077052705e-05	2.69930659584231e-05	6.79451682492229e-05
Master_madelantodolares_rank_lag2	3.07474381272255e-05	1.71072368731353e-05	6.79451682492229e-05
ctarjeta_visa_descuentos_delta1	2.97249714120531e-05	7.21403430432166e-05	8.49314603115286e-05
mv_status07_rank_lag3	2.95286231315269e-05	0.000280707724983458	0.000135890336498446
mtarjeta_master_descuentos_rank_lag3	2.9426485381456e-05	0.000211354279328609	0.00011890404443614
mv_status07_rank	2.93974885523245e-05	0.000432262071296038	0.000152876628560751
ctransferencias_emitidas_lag2	2.93574763117088e-05	0.000867941542668015	0.000169862920623057
vmr_mpagosdolares_delta2	2.91164088727258e-05	0.00101615464003764	0.000186849212685363
cliente_edad_delta3	2.87229916472244e-05	0.000100689731264337	6.79451682492229e-05
cplazo_fijo_delta1	2.86960839232161e-05	0.000629825067077659	0.000101917752373834
cpayroll_trx_lag3	2.86318154463841e-05	0.000496547596755637	0.000101917752373834
mcheques_emitidos_rechazados_rank_lag2	2.86081242725506e-05	0.000121070485234828	8.49314603115286e-05
vmr_Master_mlimitecompra_delta2	2.85975731661984e-05	0.000122938132357508	0.000101917752373834
mcheques_depositados_rank_delta3	2.84283590455231e-05	0.000327644459306743	6.79451682492229e-05
vmr_mpagado	2.78281348832803e-05	0.000129233833834184	6.79451682492229e-05
Master_cadelantosefectivo_lag2	2.77979084226658e-05	2.716722816787e-05	8.49314603115286e-05
vm_mpagado_rank_lag3	2.72726819552719e-05	6.27982187006659e-05	0.000101917752373834
ccajeros_propios_descuentos_delta1	2.69553975515181e-05	4.78797322650483e-05	6.79451682492229e-05
vmr_msaldodolares2_delta1	2.65340884323382e-05	0.000519559434665895	0.00011890404443614
mttarjeta_master_debitos_automaticos_rank_lag3	2.62568478898267e-05	0.000222511081017153	0.000101917752373834
ctransferencias_emitidas_delta2	2.51163347658034e-05	0.00050022701411611	0.000101917752373834
ccaja_seguridad_delta2	2.5020584114323e-05	0.000704711268202573	0.000135890336498446
Master_mpagado_rank	2.47422082662652e-05	0.000299208674833341	0.000152876628560751
mtarjeta_visa_descuentos_rank	2.45397024493242e-05	0.000147140600971672	8.49314603115286e-05
Master_delinquency_delta3	2.4498534537335e-05	2.16455348108273e-05	3.39725841246114e-05
ctarjeta_visa_lag2	2.44475878126012e-05	0.000925984072145059	0.000152876628560751
vmr_msaldodolares2_lag1	2.43101923493431e-05	0.000160786491353999	0.000101917752373834
ccheques_depositados_lag3	2.42107482478996e-05	0.000354084004312922	6.79451682492229e-05
mcajeros_propios_descuentos_rank_delta3	2.41192349390237e-05	5.86869636311844e-05	6.79451682492229e-05
mv_status07_rank_lag2	2.40148087577614e-05	0.000615089350912133	0.000169862920623057
vm_status06_lag2	2.38511196046533e-05	0.000124898467150726	0.00011890404443614
Master_cadelantosefectivo_delta2	2.38443309285719e-05	1.27633376383357e-05	5.09588761869172e-05
mprestamos_hipotecarios_rank_lag3	2.38064786268558e-05	0.00073640429751834	0.000135890336498446
mv_status07_rank_delta2	2.36992353068075e-05	0.000549131596408351	0.000152876628560751
vm_status01_lag1	2.34441199132013e-05	0.000162342322806222	0.000101917752373834
Master_mpagado_rank_lag1	2.31841194900892e-05	0.000287225348304299	0.000152876628560751
cpayroll_trx_delta1	2.31263824591146e-05	0.000734795911590603	0.00011890404443614
vm_mpagosdolares_rank_lag3	2.300577093859e-05	0.000433026867280597	0.000101917752373834
vmr_msaldodolares2	2.21741866017419e-05	0.000240876378402578	8.49314603115286e-05
mcheques_emitidos_rank_delta2	2.19274463866273e-05	0.000539276273081839	0.000135890336498446
Visa_madelantopesos_rank_delta3	2.18245716258513e-05	2.14324475552195e-05	8.49314603115286e-05
ccajas_consultas_lag2	2.16751118216809e-05	0.000266833116919616	8.49314603115286e-05
ccallcenter_transacciones_delta1	2.15590886863098e-05	0.000672962966076351	0.00011890404443614
cpagomiscuentas	2.14463024669406e-05	0.00104847058335594	0.000169862920623057
vmr_Master_mlimitecompra_delta1	2.13328278290156e-05	8.52888536407498e-05	6.79451682492229e-05
cpayroll_trx_delta2	2.13058139883284e-05	0.000480317929012435	8.49314603115286e-05
ctarjeta_visa_debitos_automaticos	2.12633570445266e-05	0.00101454825510646	0.000169862920623057
mcheques_depositados_rank_delta1	2.12351720794478e-05	0.00113824619983447	0.000186849212685363
ccheques_emitidos_delta3	2.11868530823742e-05	3.72862299836031e-05	1.69862920623057e-05
vmr_msaldodolares_lag2	2.11522411802884e-05	0.000179858027258808	6.79451682492229e-05
Master_madelantopesos_rank_lag1	2.10673557869781e-05	3.98265894947345e-05	0.00011890404443614
ctarjeta_visa_descuentos_delta2	2.10598299885368e-05	9.98833296533295e-06	5.09588761869172e-05
cforex_sell_lag3	2.08399308618729e-05	0.000175277897166755	5.09588761869172e-05
Visa_msaldodolares_rank_lag1	2.08134377789619e-05	2.21549960842453e-05	8.49314603115286e-05
Visa_cadelantosefectivo_lag2	1.97252344609182e-05	2.24993185100325e-05	6.79451682492229e-05
cprestamos_prendarios_delta2	1.94367033896067e-05	0.00115023820993346	0.000186849212685363
vm_mpagado_rank_lag1	1.90243675611087e-05	0.000225867998140667	8.49314603115286e-05
ccajas_depositos_lag1	1.89068758530793e-05	0.000734795911590603	0.00011890404443614
ctarjeta_visa_delta3	1.85949635615334e-05	0.000163985103221885	3.39725841246114e-05
Visa_msaldodolares_rank_delta1	1.83556506653665e-05	2.16344349431539e-05	8.49314603115286e-05
ctarjeta_debito	1.81573235499529e-05	0.000323910901775372	6.79451682492229e-05
vmr_msaldodolares_lag3	1.81531060372328e-05	0.000199787613138491	6.79451682492229e-05
Visa_madelantodolares_rank_lag1	1.81402212571827e-05	6.33923259037566e-06	3.39725841246114e-05
vm_status06_lag3	1.81319275308346e-05	7.11194572544791e-05	0.000169862920623057
mcajeros_propios_descuentos_rank_delta1	1.81227675645683e-05	3.7708402501712e-05	5.09588761869172e-05
ccajas_depositos_lag2	1.81122657649559e-05	0.000357629619186883	8.49314603115286e-05
ccajas_extracciones_lag3	1.79780544273318e-05	9.50030878329232e-05	5.09588761869172e-05
ctransferencias_emitidas_delta1	1.79499107298504e-05	0.000496660785202184	8.49314603115286e-05
Visa_madelantodolares_rank_lag2	1.77873118854224e-05	1.86995393191414e-05	8.49314603115286e-05
vm_msaldodolares_rank_lag2	1.77378577167882e-05	0.000124789922526368	6.79451682492229e-05
mprestamos_prendarios_rank_delta2	1.7485363262233e-05	3.6720552033431e-06	1.69862920623057e-05
vmr_msaldodolares_delta2	1.7321553410335e-05	0.000225202043834915	6.79451682492229e-05
cprestamos_hipotecarios_lag3	1.71963176858116e-05	0.000387975675785017	6.79451682492229e-05
ctarjeta_master_debitos_automaticos_lag3	1.69158282579084e-05	0.000141006527159995	3.39725841246114e-05
ctarjeta_visa_descuentos	1.6504444085216e-05	0.00061493538744148	0.000101917752373834
ccajas_depositos_delta1	1.64837211413827e-05	0.000108097647032819	3.39725841246114e-05
ccajeros_propios_descuentos_delta3	1.64166766593762e-05	2.70687640355835e-05	6.79451682492229e-05
vm_status05_lag3	1.63590929973727e-05	7.92374247621917e-05	8.49314603115286e-05
mcajeros_propios_descuentos_rank_lag2	1.61368889592756e-05	4.98499210224254e-05	3.39725841246114e-05
cplazo_fijo_lag2	1.58166093497329e-05	0.000231281373401264	5.09588761869172e-05
ccaja_seguridad_delta3	1.57665468413329e-05	0.000701468672165165	0.00011890404443614
ccallcenter_transacciones_lag1	1.56648339152729e-05	0.000734795911590603	0.00011890404443614
cseguro_vivienda_lag3	1.52533572031197e-05	9.18298470911482e-05	5.09588761869172e-05
vm_status04_lag1	1.52515347295509e-05	2.41377571407219e-05	5.09588761869172e-05
Master_msaldodolares_rank_delta2	1.51218575575313e-05	1.80536704882267e-05	3.39725841246114e-05
ccomisiones_mantenimiento_lag2	1.49965462650699e-05	8.08816776092814e-05	1.69862920623057e-05
mcheques_emitidos_rank	1.4909148997073e-05	0.000209941689025886	3.39725841246114e-05
ctransferencias_emitidas_lag1	1.46794710576646e-05	7.3215331248199e-06	1.69862920623057e-05
ctarjeta_visa_descuentos_delta3	1.44653248305842e-05	0.000206946725750621	6.79451682492229e-05
minversion2_rank_lag3	1.43674658693628e-05	6.11119449259554e-06	3.39725841246114e-05
vmr_msaldodolares_lag1	1.42356259000818e-05	0.00026084115161788	6.79451682492229e-05
mcheques_depositados_rank_lag2	1.41914252663061e-05	0.000113407989848244	5.09588761869172e-05
cprestamos_hipotecarios_lag2	1.41609540584691e-05	0.000385570024872044	6.79451682492229e-05
mforex_sell_rank	1.41393460943878e-05	0.000498809666727242	8.49314603115286e-05
vm_msaldodolares_rank_delta1	1.39948621620318e-05	0.000302460822797692	6.79451682492229e-05
cextraccion_autoservicio_delta1	1.39133123875267e-05	0.000707567709659833	0.00011890404443614
cliente_edad_delta2	1.38241955469829e-05	0.000377426006654486	8.49314603115286e-05
catm_trx_other_lag2	1.38102882773507e-05	7.87913913040502e-05	5.09588761869172e-05
mtarjeta_master_descuentos_rank_delta3	1.37296553223678e-05	4.45050327004661e-05	5.09588761869172e-05
ctransferencias_recibidas_lag1	1.36522889388897e-05	0.000162046439598887	6.79451682492229e-05
mforex_sell_rank_lag1	1.3339940925829e-05	0.000264096810764862	6.79451682492229e-05
mcheques_emitidos_rechazados_rank_lag3	1.33280992691596e-05	2.35081228101459e-05	3.39725841246114e-05
ccajas_consultas_lag1	1.31062689618575e-05	0.000514194196586535	8.49314603115286e-05
mttarjeta_master_debitos_automaticos_rank_lag2	1.29515538810146e-05	0.000154549611625061	5.09588761869172e-05
vm_cconsumos_delta1	1.28338429723707e-05	1.55711888585353e-05	3.39725841246114e-05
Master_madelantodolares_rank_delta2	1.28228697217218e-05	1.21784048156689e-05	3.39725841246114e-05
ctarjeta_master_descuentos_lag2	1.27922438050567e-05	9.51067621071789e-05	3.39725841246114e-05
vm_status02_lag3	1.27264121616582e-05	0.000212855064498287	8.49314603115286e-05
Visa_cadelantosefectivo_lag1	1.26916778859612e-05	1.63595815005625e-05	5.09588761869172e-05
cseguro_accidentes_personales_lag2	1.25084613658027e-05	5.24496308464227e-05	3.39725841246114e-05
Master_msaldodolares_rank_lag1	1.24663225040661e-05	1.63339838465402e-05	6.79451682492229e-05
active_quarter_delta2	1.23395552336028e-05	5.68153900247015e-05	5.09588761869172e-05
vm_status04_lag3	1.22438562112811e-05	7.21665070170182e-06	3.39725841246114e-05
Master_msaldodolares_rank_delta1	1.22268852245024e-05	2.67931928309979e-05	3.39725841246114e-05
vmr_mpagosdolares_lag2	1.22219876003402e-05	0.000174019723390509	5.09588761869172e-05
Master_mconsumosdolares_rank_delta1	1.22127803147889e-05	1.81983463145005e-05	6.79451682492229e-05
vmr_mpagosdolares_lag3	1.21847286766528e-05	0.000186422088801548	5.09588761869172e-05
mpagodeservicios_rank_lag3	1.21744718029103e-05	0.000677546947142903	0.00011890404443614
mcaja_ahorro_adicional_rank	1.20766818889893e-05	0.000629825067077659	0.000101917752373834
Visa_madelantodolares_rank_lag3	1.18273361878418e-05	1.74022517234754e-05	0.000101917752373834
Visa_madelantodolares_rank_delta3	1.17715686127552e-05	1.48090356996135e-05	8.49314603115286e-05
Visa_cadelantosefectivo_delta2	1.1559386303487e-05	1.49713429483481e-05	3.39725841246114e-05
cliente_vip_delta2	1.15134193808149e-05	6.68151626495755e-06	3.39725841246114e-05
Master_msaldodolares_rank	1.14900810360064e-05	2.28497571894357e-05	3.39725841246114e-05
vm_status05_lag2	1.09277240925549e-05	6.17496209973968e-06	3.39725841246114e-05
cseguro_vivienda_delta3	1.09058249328732e-05	0.000380719684735983	6.79451682492229e-05
mforex_buy_rank_delta2	1.08506917801031e-05	0.000211903382986575	5.09588761869172e-05
mcajeros_propios_descuentos_rank_lag1	1.06936842931595e-05	4.29832559443033e-05	3.39725841246114e-05
active_quarter_delta1	1.06628475723174e-05	2.82046127395098e-06	1.69862920623057e-05
vm_fechaalta_delta1	1.0474604444424e-05	1.32637377952857e-05	5.09588761869172e-05
vmr_msaldodolares	1.0403163266147e-05	2.17108503587014e-05	3.39725841246114e-05
Visa_status_lag2	1.0348730233351e-05	9.20922796768551e-06	5.09588761869172e-05
ccajas_consultas_lag3	1.03015502934234e-05	0.000173650822686302	3.39725841246114e-05
ccheques_depositados	1.02330693060043e-05	0.000104970844512943	1.69862920623057e-05
vm_status03_lag3	1.02074893300948e-05	1.4432282027801e-05	6.79451682492229e-05
vm_msaldodolares_rank_lag3	1.01935965811635e-05	7.37084447573225e-05	5.09588761869172e-05
minversion1_pesos_rank_lag1	1.01443764855571e-05	0.000416145063434257	6.79451682492229e-05
Master_madelantopesos_rank_delta3	1.01386901322074e-05	1.51121678001229e-05	3.39725841246114e-05
cforex_buy_delta1	1.01057187511022e-05	0.000524854222564716	8.49314603115286e-05
minversion1_pesos_rank_delta3	1.00888098443672e-05	0.000491169220057397	8.49314603115286e-05
Master_msaldodolares_rank_lag3	9.89309218989579e-06	0.000113403383780706	6.79451682492229e-05
ctarjeta_visa_descuentos_lag3	9.84961507893078e-06	4.50887573742705e-05	1.69862920623057e-05
cextraccion_autoservicio_lag1	9.64712953849329e-06	0.000108272149034134	3.39725841246114e-05
minversion1_pesos_rank_delta2	9.60713239360041e-06	0.000213561114244411	5.09588761869172e-05
ccallcenter_transacciones_lag3	9.45378307371751e-06	0.000165409775013232	5.09588761869172e-05
ccheques_emitidos_delta2	9.41687197692201e-06	6.86140585510538e-05	1.69862920623057e-05
mttarjeta_master_debitos_automaticos_rank_delta1	9.3724258813334e-06	1.42921367597613e-05	1.69862920623057e-05
ccuenta_debitos_automaticos_delta1	9.18670972384939e-06	0.00031491253353883	5.09588761869172e-05
vm_status01_lag2	8.75971407267215e-06	0.00010676815471904	5.09588761869172e-05
ccuenta_debitos_automaticos_lag3	8.74958814762609e-06	6.01075201654683e-05	3.39725841246114e-05
vm_status02_lag1	8.66476876460681e-06	1.03965740168721e-05	5.09588761869172e-05
mcheques_emitidos_rank_lag1	8.63950817154058e-06	0.000296440881298861	5.09588761869172e-05
minversion1_pesos_rank_lag2	8.3776345389391e-06	1.04937167363404e-05	1.69862920623057e-05
vm_mpagosdolares_rank_delta3	8.29117677871057e-06	0.00027180759435129	5.09588761869172e-05
cinversion1_lag2	8.11947874169926e-06	2.94362827500861e-05	1.69862920623057e-05
ccuenta_debitos_automaticos_lag1	8.1182868048614e-06	2.99858772185274e-06	1.69862920623057e-05
Visa_Finiciomora_lag3	7.96005629639619e-06	0.000245514084338855	5.09588761869172e-05
ccajas_extracciones_delta1	7.90501898806755e-06	0.000524854222564716	8.49314603115286e-05
Master_msaldodolares_rank_lag2	7.81671070659576e-06	7.29242428816618e-06	3.39725841246114e-05
ccheques_emitidos_lag2	7.68294473745735e-06	2.26299118511288e-05	1.69862920623057e-05
matm_other_rank	7.65286959136645e-06	3.56144162405897e-05	3.39725841246114e-05
Visa_madelantodolares_rank_delta2	7.63363871235174e-06	6.52011512786979e-06	3.39725841246114e-05
Master_Finiciomora_lag2	7.57357738667853e-06	9.08875664877713e-05	1.69862920623057e-05
Master_cadelantosefectivo_delta3	7.48909689817085e-06	8.04834792951611e-06	3.39725841246114e-05
ccheques_emitidos_lag3	7.47287444486803e-06	2.73162080244661e-05	1.69862920623057e-05
Master_mpagado_rank_delta3	7.45160412476503e-06	6.82245438068821e-06	3.39725841246114e-05
vm_msaldodolares_rank_delta2	7.43902429618106e-06	0.000173853867204491	3.39725841246114e-05
ccheques_emitidos	7.40417515007242e-06	0.000104970844512943	1.69862920623057e-05
ctransferencias_recibidas	7.20885525449934e-06	0.000300242321694438	5.09588761869172e-05
cforex_buy_delta3	7.03396621392119e-06	0.000307157690273576	5.09588761869172e-05
ccajas_otras_delta2	6.89689169109013e-06	0.000116137273637735	3.39725841246114e-05
mttarjeta_master_debitos_automaticos_rank_lag1	6.86250024015215e-06	0.000284247450131716	5.09588761869172e-05
mcheques_emitidos_rechazados_rank_delta3	6.85878615639026e-06	3.12680251987613e-06	1.69862920623057e-05
vmr_msaldodolares_delta3	6.77761029132787e-06	0.000153629946058203	3.39725841246114e-05
Master_msaldodolares_rank_delta3	6.73162979143763e-06	2.56941171580712e-05	3.39725841246114e-05
ctarjeta_visa_delta2	6.67675996524111e-06	3.31033543393718e-05	1.69862920623057e-05
cseguro_vivienda_lag2	6.62092472737314e-06	2.15861467433094e-05	1.69862920623057e-05
cpagomiscuentas_lag1	6.56402617894478e-06	1.11182541889031e-05	1.69862920623057e-05
mcajeros_propios_descuentos_rank_delta2	6.33098644885663e-06	7.27313543648474e-05	3.39725841246114e-05
ccajas_depositos_lag3	6.29800131188563e-06	1.43099947101338e-05	1.69862920623057e-05
catm_trx_other_lag1	6.21406426940025e-06	0.000209941689025886	3.39725841246114e-05
ccallcenter_transacciones_lag2	6.20235409737005e-06	2.4768863902724e-05	1.69862920623057e-05
ctarjeta_debito_lag1	6.16770146362977e-06	0.000101133725971273	1.69862920623057e-05
ctarjeta_master_descuentos_lag1	5.87263564148008e-06	2.1504294657881e-05	1.69862920623057e-05
Master_madelantodolares_rank_delta1	5.87106997384712e-06	1.54240212252328e-05	3.39725841246114e-05
ctarjeta_master_debitos_automaticos_delta2	5.82098736759131e-06	0.000202978862849247	3.39725841246114e-05
vm_fechaalta_delta2	5.7498654325891e-06	2.63905017132955e-06	1.69862920623057e-05
mforex_buy_rank_delta1	5.70133920429065e-06	0.000107926391931573	3.39725841246114e-05
mcheques_depositados_rank_delta2	5.50183127285274e-06	6.38054750600493e-05	3.39725841246114e-05
ccallcenter_transacciones	5.41565774096789e-06	0.00031491253353883	5.09588761869172e-05
ccajeros_propios_descuentos_lag2	5.33274220550274e-06	4.1842876682143e-05	1.69862920623057e-05
mforex_sell_rank_delta1	5.32688184938322e-06	7.75549264526762e-05	3.39725841246114e-05
mcaja_ahorro_adicional_rank_lag1	5.28346297753828e-06	8.69987618275812e-05	1.69862920623057e-05
mcheques_depositados_rank_lag1	5.25087157989441e-06	0.000104970844512943	1.69862920623057e-05
cforex_delta2	5.24263637180333e-06	0.000280816609399683	5.09588761869172e-05
Master_madelantopesos_rank_delta2	5.18361171586604e-06	8.40777221608345e-06	3.39725841246114e-05
Master_madelantopesos_rank_delta1	5.10110753884832e-06	5.88040030522304e-06	3.39725841246114e-05
Master_Finiciomora_lag1	5.05350599056678e-06	0.00028563859579213	5.09588761869172e-05
cplazo_fijo_lag3	4.81101830310339e-06	0.000308922418215039	5.09588761869172e-05
minversion1_dolares_rank_lag2	4.80600947080547e-06	0.000313447577533852	5.09588761869172e-05
mprestamos_hipotecarios_rank_delta3	4.68270573083441e-06	9.31378570079681e-05	1.69862920623057e-05
vm_mconsumosdolares_rank_delta1	4.64300773136044e-06	1.97375279652124e-05	1.69862920623057e-05
catm_trx_lag1	4.64156041776752e-06	0.000310980613066112	5.09588761869172e-05
cliente_vip_delta3	4.61334937013806e-06	4.94827570322082e-05	1.69862920623057e-05
catm_trx_other_lag3	4.51658491581554e-06	5.05588401220972e-05	3.39725841246114e-05
Master_status_lag3	4.39981081289491e-06	6.34319682883045e-06	3.39725841246114e-05
ccajeros_propios_descuentos	4.32656172082908e-06	6.55112302351662e-05	1.69862920623057e-05
mtarjeta_visa_descuentos_rank_lag2	4.32074424013538e-06	3.07882390817763e-05	1.69862920623057e-05
cpagomiscuentas_delta1	4.23558882096621e-06	0.000185820732705282	3.39725841246114e-05
vmr_mpagosdolares_delta1	4.21968954118553e-06	0.000204018663718611	3.39725841246114e-05
vm_status04_lag2	4.06050032033418e-06	7.74023221494929e-06	3.39725841246114e-05
cproductos_lag1	4.05811725057268e-06	4.79140512436712e-06	1.69862920623057e-05
vm_mpagosdolares_rank	3.83812987199058e-06	2.69126485497688e-06	1.69862920623057e-05
vm_msaldodolares_rank_lag1	3.79141316530945e-06	5.7051507617999e-05	1.69862920623057e-05
vm_status01_lag3	3.77863235816694e-06	9.87318127688438e-06	1.69862920623057e-05
vm_status03_lag2	3.68143131142241e-06	1.40675720899606e-05	3.39725841246114e-05
mpagodeservicios_rank_lag2	3.61616950923022e-06	1.33431358283373e-05	1.69862920623057e-05
catm_trx_other_delta1	3.58449957594633e-06	9.81850876539508e-05	1.69862920623057e-05
mv_status07_rank_lag1	3.36432702911897e-06	0.000105815000775901	3.39725841246114e-05
mcaja_ahorro_adicional_rank_lag3	3.29154536851841e-06	6.37788957850763e-05	1.69862920623057e-05
cpagomiscuentas_lag2	3.25422052386372e-06	8.6651381274986e-05	1.69862920623057e-05
ctarjeta_visa_delta1	3.10231824960234e-06	9.56217733144336e-05	1.69862920623057e-05
ctarjeta_master_delta1	3.06605349985112e-06	4.48854485735179e-05	1.69862920623057e-05
Master_status_lag2	3.00527677983329e-06	5.17068835786034e-06	3.39725841246114e-05
vm_mpagosdolares_rank_lag1	2.93189950810902e-06	0.000187140597582815	3.39725841246114e-05
ctarjeta_visa_debitos_automaticos_delta1	2.91157369790736e-06	7.3745331052278e-05	1.69862920623057e-05
mforex_sell_rank_delta2	2.88071661123803e-06	0.000209941689025886	3.39725841246114e-05
cpagodeservicios_lag3	2.65723899434636e-06	6.46033063650641e-05	1.69862920623057e-05
ccajas_otras_lag2	2.56297111800902e-06	9.97142265672439e-05	1.69862920623057e-05
vmr_mpagosdolares	2.43233541225088e-06	9.77013750531629e-05	1.69862920623057e-05
cforex_buy_delta2	2.39615301904677e-06	0.000104970844512943	1.69862920623057e-05
ctarjeta_visa_debitos_automaticos_delta2	2.31175756680031e-06	7.45523367377168e-05	1.69862920623057e-05
cseguro_vivienda	2.22403873310977e-06	9.97144153405037e-05	1.69862920623057e-05
ccheques_depositados_lag2	2.04306424042652e-06	9.46707713864562e-05	1.69862920623057e-05
ctarjeta_visa_lag3	1.99974969878441e-06	0.000100946425142948	1.69862920623057e-05
Master_status_lag1	1.93175588339119e-06	3.77712639972093e-06	1.69862920623057e-05
mtarjeta_visa_descuentos_rank_lag1	1.85120635684102e-06	3.03600258193554e-06	1.69862920623057e-05
ctarjeta_master_transacciones_delta1	1.53960330430393e-06	0.000104970844512943	1.69862920623057e-05
cforex_sell_delta3	1.45173753295615e-06	0.000102271009351974	1.69862920623057e-05
mforex_sell_rank_lag2	1.4047853687282e-06	8.93933506275323e-05	1.69862920623057e-05
vm_status04_delta1	1.32577498064126e-06	0.000104970844512943	1.69862920623057e-05
ctransferencias_recibidas_delta1	1.27995678210252e-06	0.000104970844512943	1.69862920623057e-05
vmr_mconsumosdolares_delta1	3.3434904654072e-07	2.57146934433842e-06	1.69862920623057e-05
vm_mpagosdolares_rank_delta1	2.75729496384596e-07	2.71686250899922e-06	1.69862920623057e-05
Visa_status_lag1	2.54855572991893e-07	2.58215391084037e-06	1.69862920623057e-05
