Feature	Gain	Cover	Frequency
ctrx_quarter	0.0733418239761367	0.00259339445833539	0.00106725393867525
ctrx_quarter_normalizado_lag1	0.0677249683832661	0.002232360577785	0.00101643232254786
mcaja_ahorro_rank	0.0481576686103349	0.00533162609845055	0.00201592410638658
ctrx_quarter_normalizado	0.0476482500804434	0.00346800328028132	0.00149076740640352
mcaja_ahorro_rank_lag1	0.0282929776589693	0.00115197618456518	0.00132136201931221
mcuenta_corriente_rank	0.0272500866900863	0.00591457797772827	0.00440454006437405
vm_status01	0.0258703229095934	0.0021843662114395	0.00108419447738438
ctrx_quarter_lag1	0.0193519798552361	0.00147675376311047	0.00088090801287481
mcuentas_saldo_rank	0.0185987843189596	0.00635852943451675	0.00301541589022531
mtarjeta_visa_consumo_rank	0.0148061866433189	0.00163499563797706	0.00088090801287481
mpayroll_rank	0.0144427479123268	0.00430860130727233	0.00125359986447569
mpasivos_margen_rank	0.0142480769723496	0.00428048353261404	0.00323564289344401
cdescubierto_preacordado	0.0139649315229113	0.00332694040613057	0.00252414026766051
mpayroll_sobre_edad_rank	0.0133097603373436	0.00441376901934337	0.00127054040318482
foto_mes	0.011351161037648	0.00773353851964777	0.00562425885143148
vm_status06_delta3	0.01064239082124	0.000603512000765336	0.000287989158055226
mprestamos_personales_rank	0.0104335481822299	0.00601592182428272	0.00193122141284093
mprestamos_personales_rank_lag1	0.0090153806022318	0.00243079623426659	0.00127054040318482
cdescubierto_preacordado_delta2	0.00798092601907343	0.00316237353640174	0.000847026935456547
Visa_msaldototal_rank	0.0068912500755347	0.00125941237504766	0.0018634592580044
vm_mpagospesos_rank	0.00669517519352173	0.000399146758098939	0.000440454006437405
mcuentas_saldo_rank_delta3	0.00664667078994697	0.00340988622584563	0.00586142639335931
mpayroll_sobre_edad_rank_lag1	0.00622842804466608	0.00235548097355073	0.000694562087074369
cdescubierto_preacordado_delta3	0.00570429338884899	0.00239651317219378	0.00088090801287481
vm_status01_delta1	0.00562054703519552	0.000336040399313389	0.000254108080636964
mprestamos_personales_rank_lag3	0.00561191800585597	0.00231259694426836	0.00132136201931221
cpayroll_trx	0.00486878819846287	0.00135951893136346	0.000220227003218702
mprestamos_personales_rank_delta3	0.00482179766441395	0.00439388994223018	0.00159241063865831
mpayroll_sobre_edad_rank_lag2	0.00481404129652941	0.000789339204262562	0.00035575131289175
mprestamos_personales_rank_delta2	0.00461754552530714	0.00564155894316377	0.00174487548704049
cpayroll_trx_lag1	0.0045103490376607	0.000182650527840671	3.38810774182619e-05
cproductos_delta2	0.00427041480539276	0.00264597345649287	0.000592918854819583
mcomisiones_mantenimiento_rank_delta3	0.00425290070111551	0.00190549396105189	0.00177875656445875
mcomisiones_otras_rank_delta3	0.0042525328511717	0.00216415081100267	0.00504828053532102
mactivos_margen_rank	0.00423577689226142	0.00435115925619871	0.00398102659664577
mrentabilidad_annual_rank_lag3	0.00380550280894529	0.00346631134537955	0.0047602913772658
ctarjeta_visa_transacciones	0.00375000759923467	0.00196577766675008	0.000813145858038286
thomebanking	0.00372385079884057	0.0022290492372303	0.00492969676435711
mcuentas_saldo_rank_delta2	0.00352472572539943	0.00239581981366341	0.00486193460952058
vm_msaldototal_rank	0.00346527110940657	0.00100260547283774	0.000931729629002202
vm_status03_delta3	0.00332784166778855	0.000667802363763008	0.000203286464509571
mcomisiones_otras_rank_lag3	0.00331975435292395	0.00284909383966879	0.00457394545146536
mprestamos_personales_rank_lag2	0.00330981872211852	0.0015367530381667	0.00101643232254786
Visa_delinquency	0.00328404407550067	0.00125953867987663	0.000965610706420464
Visa_status	0.00323756005109278	0.00185475440406184	0.000575978316110452
mpayroll_sobre_edad_rank_lag3	0.00315181036834161	0.00073041513954521	0.000559037777401321
mrentabilidad_annual_rank_lag2	0.00286395658801103	0.00196199586518517	0.00460782652888362
mpayroll_rank_lag1	0.00284755234441203	0.00157003790044781	0.000474335083855667
mrentabilidad_annual_rank_delta1	0.00284530242816923	0.00243051086217539	0.00621717770625106
mcomisiones_rank_lag3	0.00281915586110022	0.00209983928422627	0.0047094697611384
vm_mpagominimo_rank	0.00277351655508224	0.00212975134814682	0.00157547009994918
mprestamos_personales_rank_delta1	0.00274688938222112	0.00570053764959454	0.00188039979671354
Visa_mpagominimo_rank	0.00260630883695807	0.00216455450443335	0.0032864645095714
mcomisiones_mantenimiento_rank	0.00258950716855894	0.0056026440261855	0.00291377265797052
vm_status06_delta2	0.00250254824109221	0.000218347496028056	0.000118583770963917
ctrx_quarter_normalizado_delta1	0.00246420587125998	0.00151752879548131	0.000999491783838726
ctrx_quarter_normalizado_delta2	0.00245853335588908	0.00189068575545002	0.00225309164831442
mpasivos_margen_rank_lag3	0.00243417465077242	0.00222787348011345	0.00274436727087921
tcallcenter	0.0024288814463422	0.00292998022035988	0.00210062679993224
ctrx_quarter_delta2	0.00242533543754583	0.00185640122471641	0.0025749618837879
mcomisiones_otras_rank_lag2	0.00237990575726453	0.00220435686911566	0.00482805353210232
ccomisiones_mantenimiento_delta3	0.00233429138984392	0.00180105455410672	0.000474335083855667
vm_status03	0.00227497392075377	6.93253841222385e-05	0.000220227003218702
mautoservicio_rank	0.00226645318396535	0.00129432409925963	0.000660681009656107
vmr_mpagominimo	0.00225742138537761	0.000719489282286227	0.00123665932576656
ctrx_quarter_delta3	0.00220120215215361	0.00190146862539965	0.00265966457733356
cpayroll_trx_lag2	0.00219337270922269	0.000616744634590514	0.000101643232254786
mrentabilidad_annual_rank_delta2	0.00211423901784262	0.00280111555327617	0.00677621548365238
vm_status04	0.00202426425261596	0.00040880290160772	0.000254108080636964
cliente_vip_lag1	0.00200776870904641	0.00180002656686132	0.000660681009656107
ctrx_quarter_delta1	0.00199182532724963	0.00130710348176656	0.000982551245129595
mtransferencias_recibidas_rank	0.00192556096923283	0.00285256349432634	0.00155852956124005
vm_status04_delta2	0.00191945671271482	0.00179261672122007	0.000389632390310012
mactivos_margen_rank_delta2	0.00191118900743908	0.00365282576915816	0.00674233440623412
mpasivos_margen_rank_delta2	0.00188857025322494	0.00288727367308672	0.00445536168050144
mrentabilidad_annual_rank_delta3	0.00183874629875415	0.00270854989233472	0.00586142639335931
vm_Finiciomora	0.00182807993447099	0.0021550832992117	0.000626799932237845
ccaja_ahorro	0.00181273847986525	0.00268018933674849	0.000508216161273929
mpasivos_margen_rank_delta3	0.00179772796149007	0.00161425573734411	0.00462476706759275
mcomisiones_rank_delta3	0.00179752929950855	0.00226165117223853	0.00465864814501101
internet	0.00176838878746303	0.00265192800991131	0.000575978316110452
Master_status	0.00176548346287883	0.00116479962689617	0.000677621548365238
mcomisiones_rank_lag2	0.00174944801268122	0.00175662839332437	0.0045400643740471
mcuentas_saldo_rank_delta1	0.00174855447542958	0.00278666739551859	0.0032864645095714
mactivos_margen_rank_delta3	0.00174166781896736	0.00230772362646388	0.00575978316110452
internet_lag1	0.00173077568080361	0.00188265097580858	0.000338810774182619
mcomisiones_mantenimiento_rank_delta2	0.00171796347043559	0.00197605885723297	0.00150770794511265
mrentabilidad_annual_rank	0.00171706852980313	0.00250648566456522	0.00316788073860749
mpayroll_rank_lag3	0.00167640510340517	0.000778846827887957	0.000575978316110452
mcuenta_debitos_automaticos_rank	0.00162144037721139	0.00241962552489135	0.00111807555480264
mactivos_margen_rank_delta1	0.00161931162156334	0.00220499923875564	0.00481111299339319
vm_msaldopesos_rank_lag1	0.00160682507423576	0.0013377629434034	0.000626799932237845
mrentabilidad_annual_rank_lag1	0.00158080809762697	0.0019213313212962	0.00348975097408098
cproductos_delta1	0.00154846301914542	0.000591393741567082	0.000135524309673048
mcaja_ahorro_rank_lag2	0.0015431664093489	0.00136248106956903	0.00128748094189395
ctarjeta_master_delta2	0.00152517808874382	0.000223151146589368	6.77621548365238e-05
cdescubierto_preacordado_delta1	0.00150488368460286	0.00290151463669733	0.000643740470946976
thomebanking_lag1	0.00150278937204551	0.00138739701304728	0.00396408605793664
ctarjeta_visa	0.00149481529553677	0.000377798267024457	0.000135524309673048
mrentabilidad_rank_delta1	0.00147793117063009	0.0023188628537768	0.00459088599017449
mcomisiones_otras_rank_delta2	0.00147398549057806	0.00188082260608411	0.00376079959342707
mcuenta_corriente_rank_lag3	0.00146519012219747	0.00334837630135175	0.00279518888700661
mcuenta_corriente_rank_delta3	0.00144667430795362	0.00225503632398674	0.00210062679993224
vm_Finiciomora_lag1	0.00143841163656926	0.00270988106389079	0.000796205319329155
Visa_mpagominimo_rank_lag1	0.00143759328567084	0.00152366132046257	0.00254108080636964
mrentabilidad_rank_delta2	0.00143510375774338	0.00243330941416241	0.00474335083855667
ctrx_quarter_normalizado_delta3	0.0014329141398487	0.00151002375049372	0.00272742673217008
Master_fechaalta	0.00142512428104311	0.00248900080582289	0.00445536168050144
thomebanking_lag3	0.0013853747709091	0.00162997993539073	0.00514992376757581
Master_fechaalta_lag2	0.00136782150542146	0.00256059741738832	0.00428595629341013
mttarjeta_visa_debitos_automaticos_rank_delta3	0.00136286081526399	0.00238720122252422	0.00160935117736744
mcomisiones_otras_rank_delta1	0.00136064773082344	0.0022665118746233	0.00367609689988142
Visa_msaldopesos_rank_delta3	0.00135604311377158	0.00112204792771784	0.0023547348805692
mtarjeta_visa_consumo_rank_delta3	0.0013460734996165	0.00205009551691788	0.00221921057089615
ctarjeta_visa_transacciones_delta3	0.00133892780676514	0.0015794884691023	0.00103337286125699
mcomisiones_rank	0.00133603012829169	0.00157095253720568	0.00335422666440793
Master_fechaalta_lag3	0.00132960104538088	0.00226111714457618	0.00450618329662883
mpasivos_margen_rank_lag1	0.00132922436907186	0.00115358828457208	0.00189734033542267
mcuentas_saldo_rank_lag2	0.00132300352829488	0.00200050339825178	0.00277824834829748
mcuenta_corriente_rank_lag1	0.00131667650568579	0.00233024527625533	0.00223615110960529
tcallcenter_delta2	0.00131345688207928	0.00126739541263932	0.000677621548365238
ccaja_seguridad	0.00131277627931877	0.00376927321042551	0.000609859393528714
cliente_edad_lag3	0.00130821906543883	0.00254398226944651	0.00320176181602575
thomebanking_lag2	0.00130802301600552	0.00158100864600618	0.00514992376757581
mcomisiones_rank_delta2	0.00129292406294864	0.00187545977233696	0.00415043198373708
mcuentas_saldo_rank_lag1	0.00129156962441693	0.00232536725120469	0.00147382686769439
mcuenta_corriente_rank_lag2	0.00128477619127407	0.00166887312372073	0.00227003218702355
mpasivos_margen_rank_lag2	0.00127002678863671	0.00225801891046963	0.00289683211926139
Master_fechaalta_lag1	0.00125894472448747	0.00261798944294147	0.00413349144502795
mcomisiones_otras_rank	0.00125684662650057	0.00149754013367752	0.00318482127731662
chomebanking_transacciones_delta1	0.00123439228025687	0.00354528955910927	0.00286295104184313
chomebanking_transacciones_lag2	0.00122278547415542	0.0018066028156946	0.00374385905471794
mrentabilidad_rank_delta3	0.00121549611703408	0.00204931569569003	0.00430289683211926
vm_Finiciomora_delta1	0.00118556171246953	0.00177997539282852	0.000406572929019143
Visa_mpagospesos_rank	0.00117967151294271	0.00106755722274987	0.00279518888700661
Visa_mconsumototal_rank	0.00117799016389986	0.00201377636376205	0.00316788073860749
mrentabilidad_rank_lag2	0.00117587322399566	0.00196127983655729	0.00386244282568186
Visa_fechaalta	0.0011723269009039	0.00200318208492258	0.00296459427409792
Visa_mpagominimo_rank_lag3	0.00114580510595097	0.00100759097373271	0.00215144841605963
mcomisiones_rank_delta1	0.00114146694520438	0.00277455531222729	0.00310011858377096
ccaja_seguridad_lag3	0.00113513957119966	0.000644357528854666	0.00016940538709131
cliente_edad	0.0011324239855354	0.0024950284533597	0.002846010503134
mcomisiones_rank_lag1	0.0011290213946052	0.00149277252179281	0.00352363205149924
chomebanking_transacciones_delta2	0.00112810134327779	0.00255714798506027	0.0032864645095714
Master_Fvencimiento_lag3	0.00112397656897699	0.00192528608591401	0.00423513467728274
chomebanking_transacciones	0.00110917398184071	0.00375108836535021	0.00303235642893444
Visa_delinquency_lag1	0.00109175814615232	0.000953783723249199	0.000694562087074369
Master_mfinanciacion_limite_rank_delta3	0.00107598087310593	0.00264720227368844	0.00477723191597493
Visa_mpagominimo_rank_lag2	0.0010720945587766	0.00155688284203935	0.0024055564966966
mactivos_margen_rank_lag1	0.00106558387244852	0.00287596671717863	0.00272742673217008
Master_Fvencimiento_lag2	0.00106542852498914	0.00191957126312801	0.00430289683211926
mpasivos_margen_rank_delta1	0.00105463571589355	0.00245821929470761	0.00374385905471794
Master_Fvencimiento_lag1	0.00105388399909378	0.00152865860830191	0.00393020498051838
Master_mfinanciacion_limite_rank_delta2	0.00103093737175625	0.00170050935776475	0.00431983737082839
Visa_mpagospesos_rank_delta3	0.00103007184379529	0.00213188617842528	0.00435371844824665
Visa_mlimitecompra_rank_delta3	0.00102636723872271	0.00193598671085873	0.00447230221921057
vm_mpagominimo_rank_lag1	0.00101721180900156	0.00160114300649312	0.001423005251567
Visa_Fvencimiento	0.00100864301627508	0.00159558367346227	0.00286295104184313
cprestamos_personales_delta1	0.00100455679785105	0.00114044972035416	0.00018634592580044
mactivos_margen_rank_lag3	0.00100208970869247	0.00269219386887952	0.0031170591224801
mpayroll_rank_delta2	0.000998616628047318	0.00169807284949439	0.00088090801287481
mpayroll_rank_lag2	0.000994308201715312	0.00072347997260673	0.000406572929019143
Master_mlimitecompra_rank_delta2	0.00099238499845306	0.00164440933947962	0.0044892427579197
Visa_mpagospesos_rank_lag3	0.000989885930188567	0.00161365776644991	0.00294765373538879
vm_status06	0.000987259053188793	0.000360504484818254	0.000271048619346095
mcuentas_saldo_rank_lag3	0.000985188598786824	0.00223075894669357	0.00279518888700661
Master_Fvencimiento	0.000974195343146	0.00141628071314274	0.00364221582246315
mrentabilidad_rank_lag3	0.000971245490826071	0.00246564228298014	0.00379468067084533
Master_mlimitecompra_rank_delta3	0.000970969627399361	0.00217180547110221	0.00457394545146536
cliente_edad_lag2	0.000969648769730711	0.00209332814602187	0.00242249703540573
Visa_msaldopesos_rank	0.000967030130502457	0.00148963949172265	0.00199898356767745
cprestamos_personales_delta3	0.000954682018202648	0.00180977696826721	0.000389632390310012
mpayroll_rank_delta3	0.000952830108790078	0.00155611371567479	0.000779264780620024
Visa_mfinanciacion_limite_rank_delta3	0.000952791946879693	0.00184140431503048	0.00369303743859055
cliente_vip_delta1	0.000949453397369914	0.00170540726622317	0.000948670167711333
mrentabilidad_rank	0.000939633163036504	0.00181190908717188	0.00276130780958835
Visa_fechaalta_lag1	0.000936855364081863	0.00153423707158116	0.00298153481280705
cdescubierto_preacordado_lag1	0.000934005805728902	0.00208573950034249	0.00147382686769439
Visa_mconsumospesos_rank	0.000928337120493118	0.00127818487273357	0.00281212942571574
mactivos_margen_rank_lag2	0.000921344124867866	0.00223923658405374	0.0030662375063527
ccajas_transacciones_delta1	0.000915011352290217	0.0016609620128504	0.000762324241910893
cproductos_delta3	0.000913554426730054	0.00139464462815687	0.000287989158055226
vm_mpagominimo_rank_lag2	0.000911367454915602	0.000840613880996076	0.00121971878705743
ctarjeta_visa_transacciones_delta2	0.000906878947468514	0.00173137062845897	0.00088090801287481
mtarjeta_master_consumo_rank	0.000906445548594713	0.000554598478705656	0.000203286464509571
ccaja_ahorro_delta2	0.000895621419978865	0.00185116409327072	0.000372691851600881
Visa_fechaalta_lag3	0.000885683531615537	0.00164028488805223	0.00287989158055226
vm_fechaalta_lag2	0.000878111290690751	0.00137712516174078	0.0024055564966966
Visa_Fvencimiento_lag3	0.000876852470793933	0.00143255923649717	0.00315094019989836
mcomisiones_otras_rank_lag1	0.000875031059509025	0.00175819997335632	0.00296459427409792
mtransferencias_emitidas_rank	0.000874473111840155	0.00415075182844563	0.00193122141284093
cliente_antiguedad_lag3	0.000869039025505841	0.00217409789998211	0.00245637811282399
Master_delinquency	0.000867503370918443	0.000865022797575946	0.000423513467728274
Visa_Fvencimiento_lag1	0.000864392633815923	0.00166091177711938	0.0031170591224801
chomebanking_transacciones_lag3	0.000863907880975171	0.00138643293137575	0.00337116720311706
chomebanking_transacciones_lag1	0.000859569539805834	0.00140877137514666	0.0026257834999153
tcallcenter_delta3	0.000858872550163125	0.000922569710356741	0.000830086396747417
vm_Fvencimiento	0.000858747747512064	0.00232404436440186	0.00289683211926139
Master_mfinanciacion_limite_rank_delta1	0.000857623592068705	0.00253322237085814	0.00396408605793664
numero_de_cliente	0.000855655543396922	0.00313136359204481	0.00260884296120617
Visa_mfinanciacion_limite_rank_delta1	0.000853494488644409	0.00234467272212981	0.00384550228697273
mtarjeta_visa_consumo_rank_delta2	0.000852213909595695	0.00195667667702442	0.00182957818058614
Visa_Finiciomora	0.000852036693928003	0.00296964969006861	0.000677621548365238
Visa_fechaalta_lag2	0.000850386847509151	0.00130939978941729	0.00269354565475182
vm_fechaalta	0.000850107872949691	0.0026553952921168	0.00287989158055226
vm_fechaalta_lag3	0.000840886525990679	0.00119091780104367	0.00265966457733356
vm_fechaalta_lag1	0.000839794862345174	0.00144706444607821	0.00276130780958835
vm_mpagominimo_rank_lag3	0.000837955261432677	0.00103340310156388	0.00159241063865831
cliente_edad_lag1	0.000835422058422908	0.00189165582473867	0.00189734033542267
mpayroll_sobre_edad_rank_delta3	0.000825908337989573	0.0013216956059407	0.000796205319329155
mcaja_ahorro_dolares_rank	0.000823050005104677	0.00340252153210954	0.00140606471285787
Master_status_delta2	0.000820503192778013	0.000254637765521442	0.000135524309673048
Visa_mconsumototal_rank_delta3	0.000816662558981253	0.00123460488652094	0.00286295104184313
mrentabilidad_rank_lag1	0.00081091608786179	0.00162857047291653	0.00287989158055226
Visa_mlimitecompra_rank_delta2	0.000809887821921941	0.00141225515154269	0.0035575131289175
Visa_mpagospesos_rank_delta2	0.000807016826876108	0.00132074346184543	0.00323564289344401
chomebanking_transacciones_delta3	0.000799771985654613	0.00174482487943335	0.00277824834829748
cmobile_app_trx_lag3	0.000798362267651256	0.00201948749606707	0.00155852956124005
Master_mfinanciacion_limite_rank	0.000797195984593185	0.0013360339154019	0.0030662375063527
cliente_antiguedad_lag2	0.000796086113471528	0.00194851909474516	0.0019142808741318
Visa_mlimitecompra_rank_delta1	0.000792732880702722	0.00282788969159056	0.00374385905471794
mttarjeta_visa_debitos_automaticos_rank_delta2	0.000784614354282996	0.00133151311384784	0.000779264780620024
mcomisiones_mantenimiento_rank_delta1	0.000782425037310481	0.00178012380288545	0.0011519566322209
Master_mlimitecompra_rank	0.000776970643764235	0.00121922996613938	0.00321870235473488
vm_mpagospesos_rank_delta3	0.000773470406505181	0.00115671039383114	0.00152464848382179
internet_lag3	0.000768279103358179	0.000554590382242261	0.000474335083855667
mplazo_fijo_dolares_rank	0.000766863962032005	0.0028001925941071	0.000508216161273929
Visa_mfinanciacion_limite_rank_delta2	0.000760094757918543	0.00147001050118344	0.00323564289344401
Visa_mfinanciacion_limite_rank	0.000755105087251876	0.00124302355150122	0.00277824834829748
mcaja_ahorro_dolares_rank_delta2	0.000752866190228514	0.00150936842651232	0.000931729629002202
vm_Fvencimiento_lag3	0.000750232472162795	0.00128375753668554	0.00264272403862443
Master_mfinanciacion_limite_rank_lag3	0.000747070389779652	0.00135742040336738	0.00298153481280705
mpagomiscuentas_rank	0.00074108038621421	0.0022350089874485	0.000830086396747417
Visa_mfinanciacion_limite_rank_lag1	0.000738946692729082	0.001074267270348	0.0026257834999153
vmr_mpagominimo_delta2	0.000726812418061348	0.00137289568223707	0.00132136201931221
mplazo_fijo_dolares_rank_delta3	0.000726723299900099	0.00186906439473014	0.000389632390310012
mcaja_ahorro_rank_delta3	0.000725754130582252	0.0031241666269039	0.00228697272573268
Visa_mpagospesos_rank_lag2	0.000724809390174094	0.00102319899694411	0.00243943757411486
vm_Fvencimiento_lag1	0.000724232327582642	0.00207324722219335	0.00269354565475182
Visa_mconsumospesos_rank_lag1	0.000720605051615519	0.000915222866498096	0.00242249703540573
cliente_antiguedad	0.000712291581977112	0.00238481690819928	0.00218532949347789
Visa_mconsumototal_rank_lag1	0.000705736289188581	0.000940696072605748	0.00243943757411486
mcaja_ahorro_rank_delta1	0.000704980606994365	0.00215138607744579	0.00199898356767745
mcomisiones_mantenimiento_rank_lag3	0.000702749576735692	0.00184331775410755	0.00157547009994918
ccomisiones_mantenimiento_delta1	0.000700898850740526	0.00264894621424578	0.000440454006437405
Master_mlimitecompra_rank_delta1	0.000695524958271678	0.0013188123235228	0.0035575131289175
ctrx_quarter_lag2	0.000694631574930227	0.00117523536568498	0.00177875656445875
Master_mlimitecompra_rank_lag2	0.000691207624616592	0.00109444312991708	0.00277824834829748
Visa_mconsumospesos_rank_lag3	0.00068856551659573	0.00115575267635642	0.00294765373538879
vm_status04_delta1	0.000685815075521966	0.000267457969267068	8.47026935456547e-05
vm_mfinanciacion_limite_rank_delta3	0.000685212947266969	0.00216232650833889	0.00230391326444181
Visa_mlimitecompra_rank_lag1	0.000684653117347116	0.00116729092751183	0.00237167541927833
Visa_Fvencimiento_lag2	0.000684134154998159	0.0012273730124425	0.00277824834829748
vm_Fvencimiento_lag2	0.000680556455916621	0.00121783477603554	0.00245637811282399
Master_mfinanciacion_limite_rank_lag1	0.000679506580680796	0.000996888880127185	0.00282906996442487
Visa_mlimitecompra_rank	0.000677306481055936	0.000932533444158598	0.00242249703540573
vmr_msaldopesos	0.000676670092160069	0.000714560080055336	0.000965610706420464
Visa_mconsumospesos_rank_delta1	0.000669292680770988	0.00125439915788731	0.00303235642893444
Visa_mlimitecompra_rank_lag3	0.000660981156934443	0.000852276026870415	0.00223615110960529
mcuenta_corriente_rank_delta2	0.000653332673645025	0.00235883588437589	0.00174487548704049
Visa_mconsumospesos_rank_delta3	0.000638791570708626	0.00100901670444964	0.00249025919024225
Visa_mlimitecompra_rank_lag2	0.000638408607367766	0.000816044729756921	0.00237167541927833
Visa_mpagospesos_rank_delta1	0.000636461460197115	0.00134311229559755	0.00298153481280705
Master_mfinanciacion_limite_rank_lag2	0.000631097067600761	0.00106024253879699	0.00267660511604269
cprestamos_personales_delta2	0.000630240870568504	0.00305795728910767	0.00052515669998306
mpayroll_sobre_edad_rank_delta2	0.000627692667446708	0.00123801281976684	0.000559037777401321
ccallcenter_transacciones_delta2	0.000625809574068896	0.00106332604863755	0.000389632390310012
vm_msaldopesos_rank	0.000624288979727931	0.000617650082803874	0.000643740470946976
Visa_mconsumototal_rank_delta2	0.000623830444683945	0.00091152925989724	0.00267660511604269
Visa_cconsumos	0.000622270070976215	0.00136442761000109	0.00198204302896832
matm_rank_lag2	0.000620198998363448	0.00109809900323272	0.000863967474165679
Visa_cconsumos_delta3	0.000607668009756596	0.000734274817790589	0.00127054040318482
vmr_mpagominimo_delta3	0.000606674879683405	0.00105306790483187	0.000982551245129595
ccomisiones_mantenimiento_delta2	0.000606650284734031	0.000638526493575466	0.000135524309673048
mtransferencias_emitidas_rank_lag1	0.000605400190823959	0.00113038487490479	0.00135524309673048
Visa_mconsumospesos_rank_delta2	0.000604878490876026	0.00102483847429467	0.00267660511604269
Master_mlimitecompra_rank_lag3	0.000602747845928317	0.00107525311832577	0.00260884296120617
ccaja_seguridad_lag2	0.000601236349180971	0.000694721786522876	0.000152464848382179
ccaja_ahorro_delta3	0.000599394221512545	0.00261496558332425	0.000609859393528714
Visa_mconsumosdolares_rank_lag3	0.000599100196323162	0.0010545196195476	0.00255802134507877
vm_mlimitecompra_rank_delta3	0.000595704855359047	0.001560466374396	0.00220227003218702
Visa_Finiciomora_lag1	0.00058408920107678	0.0018967825806764	0.000406572929019143
mautoservicio_rank_lag3	0.000578833062735786	0.00229761709364251	0.00196510249025919
Visa_cconsumos_lag2	0.000573637679613562	0.00123976067675298	0.00201592410638658
ctrx_quarter_normalizado_lag2	0.00056880185953089	0.00117752086549853	0.00167711333220396
Visa_msaldototal_rank_delta3	0.000568017598409185	0.000788134525825305	0.0018634592580044
Visa_msaldopesos_rank_lag1	0.000567924103499349	0.000756817330097021	0.00152464848382179
Visa_mconsumospesos_rank_lag2	0.000566198086390638	0.00111520754588804	0.00227003218702355
Visa_msaldototal_rank_lag2	0.00056563041494882	0.000678623079971762	0.00145688632898526
Visa_cconsumos_lag1	0.000564768481835666	0.00121928468316874	0.0016432322547857
vmr_mpagominimo_lag2	0.000564342139442904	0.000905028101054708	0.00116889717093004
vmr_Master_mlimitecompra_lag1	0.000564234084537674	0.000926894351548816	0.00203286464509571
Visa_mconsumototal_rank_lag3	0.000563709948741603	0.00116198608703738	0.00232085380315094
mcaja_ahorro_rank_delta2	0.000560348658971627	0.00192463750270911	0.00177875656445875
ctarjeta_visa_delta2	0.000558347842614767	0.000231374178419243	5.08216161273929e-05
cmobile_app_trx_lag2	0.000556484836048644	0.00249648208863186	0.00127054040318482
Master_mlimitecompra_rank_lag1	0.000556102541471248	0.000905454991794462	0.00232085380315094
vm_mlimitecompra_rank_delta2	0.000554256603669718	0.00150494734326092	0.00218532949347789
thomebanking_delta2	0.000551254263583155	0.00113189883824374	0.00108419447738438
vmr_mpagominimo_lag3	0.000550140661899577	0.000892838065767007	0.00155852956124005
vmr_mpagominimo_lag1	0.000548303749598454	0.000775810767088692	0.00110113501609351
Visa_mconsumosdolares_rank	0.000547016252280978	0.0010036347404541	0.00184651871929527
mtransferencias_recibidas_rank_lag3	0.000545733926731687	0.00106582393939784	0.00184651871929527
ccajas_transacciones	0.000543831343353268	0.00107365924477601	0.000931729629002202
ccajas_consultas_delta2	0.000538967142017604	0.00161564437496129	0.000389632390310012
ctrx_quarter_normalizado_lag3	0.00053819116969681	0.000890578700584136	0.00177875656445875
ccaja_ahorro_lag3	0.000535193810946303	0.000686402689213369	0.000338810774182619
vmr_msaldototal	0.000535136594433097	0.00102521625904248	0.00105031339996612
Visa_mpagospesos_rank_lag1	0.000534620117980549	0.000838517386530339	0.00223615110960529
Master_msaldototal_rank	0.000533369651965119	0.00202909611521862	0.00116889717093004
cliente_antiguedad_lag1	0.000531311028815464	0.00151229343396018	0.00172793494833136
Visa_cconsumos_lag3	0.000531216474698261	0.00106459418075304	0.00196510249025919
Visa_msaldopesos_rank_lag2	0.000529079418442712	0.000585398856463546	0.00155852956124005
vmr_Visa_mlimitecompra	0.000527484834655969	0.00100602255697018	0.00184651871929527
cdescubierto_preacordado_lag3	0.000526857205896233	0.00126767020284115	0.00113501609351177
ctrx_quarter_lag3	0.000521727660906129	0.00101090385826415	0.00176181602574962
Visa_mconsumosdolares_rank_lag2	0.00052043569061776	0.00125646168486476	0.00194816195155006
ccomisiones_otras_lag2	0.000519044454872465	0.0015407389459251	0.00105031339996612
vmr_msaldopesos2_delta3	0.000512687808902478	0.00138932875389742	0.0016432322547857
vmr_Master_mlimitecompra	0.000511918733744509	0.00109754686208714	0.00198204302896832
Visa_mconsumototal_rank_lag2	0.000508694839344764	0.000918228273710367	0.00206674572251398
Visa_mpagominimo_rank_delta3	0.000506133087423225	0.000945509890818766	0.00194816195155006
Visa_msaldopesos_rank_delta1	0.00050567233258504	0.00105736034846021	0.00189734033542267
mcomisiones_mantenimiento_rank_lag2	0.000498964832915311	0.000851485435463357	0.0011519566322209
ccajas_transacciones_delta3	0.000498517785175582	0.00119399306378896	0.00052515669998306
Visa_mpagominimo_rank_delta2	0.000495582865453942	0.0010442554881248	0.00189734033542267
Visa_msaldopesos_rank_lag3	0.000494766011406493	0.000823782990548258	0.00174487548704049
Visa_msaldototal_rank_lag3	0.000494738835679594	0.000728818441647752	0.00154158902253092
ctarjeta_visa_transacciones_lag2	0.000491829608492765	0.00113198134685443	0.00137218363543961
mcomisiones_mantenimiento_rank_lag1	0.000491417608581335	0.00155891678661812	0.00127054040318482
Visa_mfinanciacion_limite_rank_lag2	0.000484511706387668	0.00107902143833768	0.00193122141284093
Visa_mfinanciacion_limite_rank_lag3	0.000483497363718491	0.00102335753699478	0.00196510249025919
Visa_msaldototal_rank_delta2	0.000481369906370262	0.00064343042730897	0.00174487548704049
mcaja_ahorro_rank_lag3	0.000479152654365125	0.00139768370159368	0.00143994579027613
Visa_mconsumototal_rank_delta1	0.000474963016223484	0.000892172837739682	0.00210062679993224
Visa_msaldopesos_rank_delta2	0.000474202119071074	0.000844915513168921	0.00181263764187701
ccomisiones_otras	0.000470686493490595	0.00150822083755649	0.000813145858038286
mcaja_ahorro_dolares_rank_delta3	0.000470326577307953	0.00199423971056352	0.00116889717093004
mpayroll_sobre_edad_rank_delta1	0.000468387118386873	0.00123696144692252	0.00054209723869219
cproductos	0.000463902726378368	0.000729118575662911	0.000118583770963917
vmr_msaldototal_delta3	0.000458853717847378	0.000658676858699347	0.00089784855158394
mautoservicio_rank_lag1	0.00045856671584468	0.000561719638354408	0.000626799932237845
mtarjeta_visa_consumo_rank_delta1	0.000456461687035906	0.00142394335673177	0.000745383703201762
Visa_cconsumos_delta2	0.000453656387125039	0.000653018824131017	0.00101643232254786
mcuenta_debitos_automaticos_rank_delta3	0.000451809026177942	0.00147234254624703	0.000643740470946976
cpayroll_trx_lag3	0.000451217782562896	0.000532253557764035	0.000135524309673048
ctarjeta_visa_delta3	0.000450870895158977	0.000357256296678037	0.000118583770963917
Master_fultimo_cierre	0.000449733122961488	0.000672192492163661	0.00154158902253092
mtransferencias_recibidas_rank_lag2	0.000448822742574878	0.000925174022538214	0.00155852956124005
vmr_Master_mlimitecompra_lag3	0.000444556454257748	0.000856157320790161	0.00167711333220396
ccajas_consultas_delta3	0.000443220349882466	0.000855991324461576	0.000271048619346095
Visa_msaldototal_rank_lag1	0.000442457813916789	0.000951197750498765	0.00157547009994918
mcaja_ahorro_dolares_rank_lag3	0.00043537146355203	0.00210057926332261	0.001423005251567
vm_mfinanciacion_limite_rank_delta1	0.000430606152095636	0.00124900303449532	0.00184651871929527
Visa_mpagominimo_rank_delta1	0.000427403110568095	0.0011108867834668	0.00167711333220396
mpayroll_rank_delta1	0.000426262612984687	0.00294143148160626	0.000779264780620024
vmr_Visa_mlimitecompra_lag3	0.000425881560105719	0.00122684625276822	0.00169405387091309
vmr_Master_mlimitecompra_lag2	0.000424094468815937	0.000877774765081238	0.0016432322547857
Visa_Finiciomora_delta1	0.000422614874594724	0.000591820895912621	0.000101643232254786
Master_fultimo_cierre_lag3	0.000422328854315142	0.00123167999204699	0.00176181602574962
mtransferencias_recibidas_rank_lag1	0.000417477537431721	0.00240081096325376	0.00157547009994918
mautoservicio_rank_lag2	0.000409717905541878	0.000796584183314305	0.00143994579027613
ccomisiones_mantenimiento	0.000409668310612343	0.00219874270608155	0.00035575131289175
Visa_msaldototal_rank_delta1	0.000406087084257449	0.000676443436709856	0.00149076740640352
Master_fechaalta_delta3	0.000402044695009627	0.000236801934505427	0.0007115026257835
Master_Fvencimiento_delta2	0.000401729350099732	0.000297889901453526	0.000423513467728274
vmr_mpagospesos	0.000401167583820422	0.00107792845343731	0.000796205319329155
mtransferencias_emitidas_rank_delta2	0.000398233777210864	0.00205711202507	0.00106725393867525
mtarjeta_visa_consumo_rank_lag2	0.000398224408011515	0.00152242719349333	0.00147382686769439
Visa_mconsumosdolares_rank_lag1	0.000395116082492911	0.000645917133652383	0.00147382686769439
vm_status02	0.000391101584142676	0.00120468830364407	0.000491275622564798
mextraccion_autoservicio_rank_lag3	0.000390345859606986	0.00082168969700991	0.00121971878705743
mtarjeta_visa_consumo_rank_lag3	0.000389171823691983	0.00115652726312654	0.00145688632898526
mpagomiscuentas_rank_delta2	0.000389057425237829	0.00150991318669592	0.000575978316110452
thomebanking_delta3	0.000387169277622439	0.000742601145430198	0.000694562087074369
vmr_msaldopesos_delta3	0.000385815645307367	0.000677462950912164	0.000914789090293071
tcallcenter_delta1	0.000385145734926413	0.00079550592267992	0.000491275622564798
Visa_delinquency_delta3	0.000382367685826714	0.000141261557596666	0.00018634592580044
cplazo_fijo	0.000381027863591034	0.00115172236985224	0.00018634592580044
mcaja_ahorro_dolares_rank_lag2	0.000380604262728037	0.00111827881688858	0.00113501609351177
mtransferencias_emitidas_rank_delta3	0.000378714836682211	0.0010396408429113	0.00101643232254786
vm_status01_delta3	0.000373977036660346	0.000913981772804546	0.000440454006437405
mtransferencias_emitidas_rank_lag3	0.000371269355279012	0.00238315852654814	0.00147382686769439
ccomisiones_otras_delta3	0.000371257964473394	0.00154993882547809	0.00133830255802135
active_quarter_lag1	0.000369602649727218	0.000226999828707718	0.000440454006437405
tcallcenter_lag1	0.000366457856878749	0.00123801451437546	0.000999491783838726
mtransferencias_emitidas_rank_lag2	0.000365984063259793	0.00140083484514706	0.0011519566322209
vmr_msaldopesos_lag3	0.000365331678580058	0.000595708102133544	0.00101643232254786
vm_msaldopesos_rank_delta3	0.000363112730759016	0.000778890925369983	0.00113501609351177
vm_mlimitecompra_rank_delta1	0.000362009310066925	0.00100230966948905	0.00149076740640352
vm_mfinanciacion_limite_rank_lag1	0.000360029934210185	0.000584196701110232	0.00108419447738438
mtransferencias_recibidas_rank_delta3	0.000354210530224361	0.00114090990073876	0.00127054040318482
Master_mpagominimo_rank_lag1	0.000351788850089166	0.000674084541514178	0.000863967474165679
vm_mfinanciacion_limite_rank_delta2	0.000350865142373147	0.00130887532687913	0.00150770794511265
Master_mpagominimo_rank	0.000350516712353146	0.000689646396055241	0.00101643232254786
internet_lag2	0.000350246363251946	0.000846002246846394	0.000338810774182619
tcallcenter_lag2	0.000346746347406353	0.00102385808672244	0.000863967474165679
vmr_mpagominimo_delta1	0.000345898597951721	0.0010016694840113	0.000762324241910893
vmr_msaldopesos2_lag3	0.000342915231269244	0.00059527914020548	0.00123665932576656
vmr_msaldopesos_lag2	0.000342722720418508	0.000500669555323404	0.000762324241910893
Master_fultimo_cierre_lag2	0.000341620365039223	0.000704395704593156	0.00128748094189395
vm_fultimo_cierre	0.000339118858158732	0.000526963366239629	0.00125359986447569
vm_fultimo_cierre_lag2	0.000336049553493882	0.001195837890046	0.00132136201931221
vmr_mpagospesos_delta3	0.000335657361894263	0.000711225994087192	0.00088090801287481
vm_mlimitecompra_rank_lag3	0.000333161519326391	0.000606855877805492	0.00110113501609351
ccajas_transacciones_lag2	0.000332840151217817	0.00100419106163426	0.00101643232254786
mtransferencias_recibidas_rank_delta2	0.000330995393679594	0.000985708191390087	0.00108419447738438
mttarjeta_visa_debitos_automaticos_rank_delta1	0.000330934732233121	0.00115905008346249	0.000863967474165679
vmr_msaldototal_delta2	0.000330406763588861	0.000424640638431725	0.000779264780620024
vm_msaldototal_rank_delta3	0.000329512452575681	0.000569267801716822	0.000863967474165679
vm_fultimo_cierre_lag3	0.000325362410092766	0.000668808245780437	0.00123665932576656
vmr_msaldopesos2_delta2	0.000317799078483156	0.00126374443485969	0.0012027782483483
vmr_Visa_mlimitecompra_lag1	0.00031701688609217	0.000560885928572526	0.00113501609351177
vmr_msaldopesos2	0.000314796025732436	0.000585468561364683	0.0011519566322209
mcaja_ahorro_dolares_rank_lag1	0.000314748836033963	0.00117421893943615	0.000847026935456547
mautoservicio_rank_delta2	0.000314197830620348	0.00118201639855519	0.0011519566322209
vmr_mconsumospesos_lag3	0.000313215909272026	0.000551629373775771	0.00113501609351177
Visa_cconsumos_delta1	0.00031202925537299	0.000710824522476702	0.000847026935456547
vm_msaldopesos_rank_delta2	0.000310521211549073	0.000773360325369696	0.00105031339996612
vm_mfinanciacion_limite_rank	0.000308661790449406	0.00049285948078465	0.00103337286125699
Master_fultimo_cierre_lag1	0.000307001488561401	0.000523826231450818	0.00123665932576656
Master_msaldopesos_rank	0.000306205427368984	0.000929529806870883	0.000914789090293071
mcuenta_corriente_rank_delta1	0.000302509254567585	0.00153007462326277	0.000948670167711333
vmr_Visa_mlimitecompra_lag2	0.000301639743983465	0.000816925436684464	0.00108419447738438
vm_mfinanciacion_limite_rank_lag3	0.0002979242899883	0.000493475226240342	0.000965610706420464
vm_cconsumos_delta3	0.000297557574978104	0.000528888855866867	0.000304929696764357
Visa_mconsumosdolares_rank_delta3	0.00029373593692649	0.000631207328324242	0.00121971878705743
vm_fultimo_cierre_lag1	0.000291007026655065	0.00101447884226177	0.0012027782483483
vm_mlimitecompra_rank	0.000290607707394293	0.000380366766477145	0.000982551245129595
Master_mpagospesos_rank	0.000290501144896378	0.00124268628672835	0.000931729629002202
mttarjeta_visa_debitos_automaticos_rank_lag3	0.000288882764608893	0.000787096898139774	0.00103337286125699
vmr_mpagospesos_lag3	0.000284072116691498	0.000721476116745421	0.000914789090293071
mtransferencias_emitidas_rank_delta1	0.00028113915877388	0.00161075919489649	0.000863967474165679
vmr_msaldototal_lag3	0.00027918096444631	0.000580318156222243	0.00103337286125699
Master_mconsumototal_rank_lag3	0.000278204309469562	0.00107556654560409	0.00103337286125699
Visa_delinquency_lag2	0.000273726958679612	0.000334756074271106	0.000321870235473488
ccaja_ahorro_lag2	0.000273352118267506	0.00037370578721299	0.00016940538709131
cmobile_app_trx_delta3	0.000272558829928782	0.00138637362007414	0.00101643232254786
Master_mconsumospesos_rank	0.000271987271388297	0.00084368131088375	0.000796205319329155
Visa_fultimo_cierre_lag1	0.000271873296800196	0.000632105470891562	0.00103337286125699
ccomisiones_otras_delta2	0.000268491684699554	0.000555133184211458	0.000643740470946976
Master_msaldopesos_rank_lag1	0.000268193857703327	0.000758509189682848	0.000863967474165679
vmr_msaldototal_lag2	0.000267509192107878	0.000457547715965027	0.000745383703201762
ccomisiones_otras_lag3	0.000266707942447307	0.000547432619047369	0.0007115026257835
Master_msaldototal_rank_lag3	0.000266405922432862	0.000543221591948611	0.000863967474165679
cpayroll_trx_delta3	0.000266052683781789	0.000251597185765864	6.77621548365238e-05
Visa_fultimo_cierre_lag3	0.000264612239827232	0.000444051476354892	0.00101643232254786
vmr_mconsumototal_lag3	0.000264381314020305	0.000738021861049853	0.000999491783838726
vmr_msaldopesos_delta2	0.000262124264237404	0.000658050079458656	0.000847026935456547
vm_mpagominimo_rank_delta2	0.00025888032620082	0.00179250054638484	0.000965610706420464
vm_cconsumos_lag3	0.000258273396304008	0.0015688703151103	0.000660681009656107
vmr_msaldopesos_lag1	0.000257115128601942	0.000551138803409965	0.000948670167711333
vm_mfinanciacion_limite_rank_lag2	0.000257077857920638	0.000436506137340174	0.000914789090293071
Master_msaldototal_rank_lag2	0.00025401377121615	0.000298796366432057	0.000626799932237845
Master_mpagominimo_rank_lag3	0.000253673820292418	0.00068486673362036	0.00089784855158394
mautoservicio_rank_delta3	0.000253272126976694	0.000703353332003496	0.000982551245129595
mcuenta_debitos_automaticos_rank_delta2	0.000252681282396857	0.00228866959779964	0.000677621548365238
mcaja_ahorro_dolares_rank_delta1	0.000252598093447761	0.000731389878422044	0.000474335083855667
Visa_fultimo_cierre_lag2	0.000251222615238923	0.000386252669417585	0.000931729629002202
Visa_fultimo_cierre	0.000248735265634185	0.000435413077123863	0.00101643232254786
vm_status02_delta3	0.000247240920150869	0.000633273018571108	0.000304929696764357
mttarjeta_visa_debitos_automaticos_rank_lag1	0.000245359665528197	0.000561987537147863	0.000796205319329155
Master_msaldopesos_rank_lag3	0.00024391637282622	0.000789755663744825	0.00106725393867525
Master_mpagominimo_rank_lag2	0.000242496391216349	0.000566180300131522	0.000847026935456547
mttarjeta_visa_debitos_automaticos_rank_lag2	0.000241832580405103	0.000867571413620854	0.000965610706420464
matm_rank_lag3	0.000240527921009916	0.000852392653601274	0.00088090801287481
vm_Finiciomora_lag2	0.000239089534974901	0.00155020743977296	0.00035575131289175
ccallcenter_transacciones_delta3	0.000238756166267584	0.000527913137882831	0.000237167541927833
mextraccion_autoservicio_rank_delta3	0.000237915553888161	0.00143998617885647	0.000863967474165679
mextraccion_autoservicio_rank_lag2	0.000237346293972333	0.000533297549646374	0.000931729629002202
vmr_mconsumospesos_lag2	0.000236110157318771	0.000354932009156128	0.000830086396747417
ccajas_transacciones_lag3	0.00023576778814277	0.000722701168144058	0.000796205319329155
Visa_mconsumosdolares_rank_delta2	0.000234138190088204	0.000538287983735314	0.00101643232254786
Visa_Fvencimiento_delta2	0.000234103018517442	0.000288791133548054	0.000287989158055226
ctarjeta_debito_transacciones_lag2	0.000232947541125463	0.0014934756713952	0.000847026935456547
vmr_msaldopesos2_lag1	0.000232214733673687	0.000759376641005205	0.00088090801287481
Master_msaldototal_rank_lag1	0.000231986987453892	0.000587145997948276	0.000863967474165679
Master_cconsumos_lag2	0.000231549946981865	0.000571447783900452	0.000762324241910893
vmr_msaldototal_lag1	0.000231490964804845	0.000478590047749265	0.000694562087074369
Master_mconsumospesos_rank_lag1	0.000231144559815961	0.000585662801170227	0.000779264780620024
ctarjeta_visa_transacciones_lag3	0.000230141835710694	0.000919647677888455	0.00088090801287481
vm_mpagospesos_rank_delta2	0.000229465166298245	0.000436201785632456	0.000559037777401321
cdescubierto_preacordado_lag2	0.000228758133696289	0.000803954902325473	0.000592918854819583
vm_mpagominimo_rank_delta3	0.000228595703723398	0.000400373805369947	0.000863967474165679
ccajas_transacciones_lag1	0.000227656282393824	0.000857328295344911	0.000762324241910893
Visa_madelantodolares_rank_lag2	0.000226770764357071	4.06073790916054e-05	0.000135524309673048
Visa_mpagado_rank_delta2	0.000226512533242868	0.00197428897033479	0.000677621548365238
Master_madelantopesos_rank_lag2	0.000225752931001024	5.47878640035518e-05	0.00018634592580044
mextraccion_autoservicio_rank_delta2	0.000224687744647987	0.00106377568479075	0.000813145858038286
vm_mconsumospesos_rank_delta3	0.000224432857125617	0.000469552699991688	0.000762324241910893
Master_fultimo_cierre_delta3	0.000223175123597692	0.000234832046132408	0.000728443164492631
cprestamos_personales_lag3	0.000223126940955813	0.00216323737929983	0.00054209723869219
Master_Fvencimiento_delta3	0.000221650554959823	0.00035318844517848	0.000847026935456547
vm_mpagominimo_rank_delta1	0.00022106182272099	0.000881954008853925	0.000796205319329155
mttarjeta_visa_debitos_automaticos_rank	0.000220996165329128	0.000584512387866703	0.000779264780620024
Master_fultimo_cierre_delta1	0.000220892042104199	0.000580440883544126	0.000762324241910893
ctarjeta_debito_transacciones_delta1	0.000220817065152343	0.00263399498367658	0.000474335083855667
Master_msaldopesos_rank_lag2	0.000220140841507386	0.000506705299323608	0.000830086396747417
vm_Finiciomora_lag3	0.000219967069243363	0.00114415330631687	0.000304929696764357
mcuenta_debitos_automaticos_rank_lag3	0.000217545958087828	0.000778695141587698	0.000660681009656107
mautoservicio_rank_delta1	0.000216459934225554	0.00104339940950916	0.000745383703201762
ccajas_transacciones_delta2	0.000215604643586034	0.000418797665576263	0.000287989158055226
vm_msaldototal_rank_lag3	0.000215206411627213	0.000335444951503139	0.000694562087074369
vm_mconsumototal_rank_delta3	0.000213822736158865	0.000484846731055233	0.000745383703201762
Master_mconsumospesos_rank_delta2	0.00021366584855504	0.000648678743171537	0.000779264780620024
Master_cconsumos_lag3	0.000213541661652192	0.000249927732671758	0.000474335083855667
Master_msaldopesos_rank_delta3	0.000212557871180074	0.000586071729058635	0.0007115026257835
Master_cconsumos	0.000211852555880963	0.000647285059386466	0.000643740470946976
tcuentas_lag2	0.000211096399610725	0.00103043930640766	0.00035575131289175
active_quarter	0.00021084347604442	0.000439472643870179	0.00052515669998306
ctarjeta_debito_delta2	0.000208882773154204	0.00180303220002141	0.000321870235473488
cextraccion_autoservicio_lag3	0.000208531308925845	0.00127800241987241	0.000491275622564798
thomebanking_delta1	0.00020848470858027	0.000747142621209385	0.000457394545146536
Master_mpagospesos_rank_lag1	0.000208393223338584	0.000787110304376837	0.000779264780620024
mpagomiscuentas_rank_lag2	0.000208204311562587	0.00112970255015941	0.000728443164492631
vmr_msaldopesos2_lag2	0.000208138282869244	0.000948246344814441	0.00089784855158394
Visa_mconsumosdolares_rank_delta1	0.000207641555215194	0.00028032287302223	0.000847026935456547
Master_mpagospesos_rank_lag3	0.000205902427092343	0.00051422898500599	0.0007115026257835
Visa_fultimo_cierre_delta1	0.000204613407599011	0.000259342149675733	0.000643740470946976
vm_mpagospesos_rank_lag3	0.000201338517281002	0.000561149270751698	0.000762324241910893
ccomisiones_otras_lag1	0.00020036977720225	0.000383028394087861	0.000440454006437405
vm_msaldopesos_rank_delta1	0.000199816637631325	0.000740919076916383	0.000694562087074369
vm_msaldototal_rank_delta2	0.000199430935110133	0.00048719941268598	0.000813145858038286
mprestamos_prendarios_rank_lag1	0.000199068432634482	0.00393172697852414	0.000643740470946976
ctarjeta_debito_transacciones_delta2	0.000198251122599429	0.00184444391567886	0.000609859393528714
vmr_mpagospesos_lag1	0.000197590437390006	0.000259633885963743	0.000592918854819583
mpagomiscuentas_rank_delta3	0.000197355184183557	0.00100944250310828	0.000508216161273929
vm_mlimitecompra_rank_lag1	0.000197347050698225	0.000302565100681626	0.000728443164492631
Master_msaldopesos_rank_delta2	0.000196930760509286	0.000955003577848074	0.0007115026257835
vm_mlimitecompra_rank_lag2	0.000194630664038332	0.000461202459541587	0.000745383703201762
vmr_mconsumototal_delta3	0.00019302655598229	0.000668710673982033	0.000643740470946976
vmr_mconsumototal	0.000192333768554924	0.000507261507529869	0.0007115026257835
vmr_mconsumosdolares_lag3	0.000190993141507987	0.000825883476758739	0.000491275622564798
mcuenta_debitos_automaticos_rank_lag2	0.000190893936754879	0.00088902689098606	0.000508216161273929
vm_cconsumos_lag2	0.000190220609073903	0.000650732119262449	0.000423513467728274
active_quarter_lag2	0.000189643354869628	0.000379873484737551	0.0007115026257835
Master_status_delta3	0.000189564182085989	0.000107384712038475	0.000135524309673048
vm_mpagospesos_rank_delta1	0.000187601262328533	0.00105657830541218	0.000813145858038286
Master_mpagospesos_rank_lag2	0.000186078304814862	0.000863695015237115	0.000694562087074369
Master_mconsumospesos_rank_lag3	0.00018513434324838	0.000745156163329884	0.000796205319329155
Master_mpagominimo_rank_delta2	0.000184886915281178	0.000692764664201443	0.000626799932237845
Master_mconsumospesos_rank_lag2	0.000183772904368793	0.000765985463981907	0.000677621548365238
vmr_mconsumospesos_delta3	0.000183598344462411	0.00124647855720872	0.000762324241910893
vm_msaldototal_rank_lag1	0.000182543505067801	0.000717079887753745	0.000406572929019143
vm_fultimo_cierre_delta3	0.000181484466067654	0.00011233669734078	0.000304929696764357
Master_msaldototal_rank_delta2	0.000180081202816093	0.000367833365825552	0.00054209723869219
mcuenta_debitos_automaticos_rank_lag1	0.000179360118904898	0.000772246440296373	0.000440454006437405
Master_mconsumototal_rank	0.000179250009973183	0.000402754127950145	0.000626799932237845
mtarjeta_master_consumo_rank_lag3	0.000177425228669012	0.00080363616527349	0.000559037777401321
mpagomiscuentas_rank_lag3	0.000176806662094909	0.000703345649777763	0.000728443164492631
Master_msaldototal_rank_delta1	0.000176562609095832	0.000445423243201842	0.000559037777401321
ctarjeta_debito_transacciones_delta3	0.000175729712733203	0.00179039550356008	0.000677621548365238
mtransferencias_recibidas_rank_delta1	0.000175330016871177	0.000516395673926465	0.000660681009656107
mplazo_fijo_dolares_rank_lag1	0.000173430893532199	0.00076026875829744	0.00018634592580044
vm_status05	0.000172586861446707	0.000149325559822273	0.000287989158055226
mprestamos_prendarios_rank_lag2	0.000171898003815557	0.000985157820169064	0.00018634592580044
Visa_status_delta3	0.000168806579659911	0.000892042917745667	0.00035575131289175
ccajas_consultas	0.000168234457222607	0.000929682585252251	0.000152464848382179
mextraccion_autoservicio_rank	0.000167248130766732	0.000489682541522311	0.000440454006437405
minversion2_rank	0.000166384249169338	0.0013611264370981	0.000220227003218702
vm_status05_delta3	0.000166321955552742	0.000663445750955014	0.000254108080636964
mpagomiscuentas_rank_lag1	0.000166255958992117	0.00144355220025741	0.000643740470946976
vmr_mconsumospesos_delta2	0.000165173372247646	0.000603225762540842	0.000592918854819583
vm_msaldopesos_rank_lag2	0.000164416675549308	0.000536207493906521	0.00052515669998306
Master_mpagosdolares_rank_lag3	0.000164364506664031	0.000129394703001323	0.000389632390310012
vm_fultimo_cierre_delta1	0.000163241946028712	0.000196307604637599	0.000457394545146536
Visa_Fvencimiento_delta3	0.000162600691988997	0.000221588227890355	0.000271048619346095
cplazo_fijo_delta3	0.000161953937418065	0.000310212116213399	5.08216161273929e-05
vm_msaldototal_rank_lag2	0.00016104226821695	0.00040367704946125	0.000575978316110452
vm_mconsumospesos_rank_lag3	0.000158869524313288	0.000487432703805667	0.000660681009656107
ctarjeta_debito_transacciones_lag3	0.000158736299095464	0.000437205671777513	0.000660681009656107
Visa_fultimo_cierre_delta2	0.000157443848814854	0.000191686293963539	0.000457394545146536
Master_mconsumototal_rank_delta2	0.000157275549339946	0.00036507111612092	0.000508216161273929
vmr_mconsumospesos_lag1	0.000156649975834839	0.000690458452504787	0.000609859393528714
Master_cconsumos_lag1	0.000156536004992578	0.000321236675009864	0.000491275622564798
vm_mconsumototal_rank_lag1	0.000156433867587471	0.000251501459207955	0.000389632390310012
ctransferencias_recibidas_lag2	0.000156257885266827	0.00168794492694647	0.000457394545146536
ccaja_seguridad_lag1	0.000156206191918978	0.000102253361828491	1.6940538709131e-05
vmr_mconsumototal_lag1	0.000155850979136385	0.000515913727235624	0.000677621548365238
vm_Fvencimiento_delta3	0.000155847104108422	0.000341965165278126	0.000440454006437405
Master_mpagominimo_rank_delta3	0.000154494725214972	0.000647261598471605	0.000626799932237845
vm_mconsumospesos_rank_delta2	0.000154407592784228	0.000483170687816504	0.000626799932237845
active_quarter_lag3	0.000153748544199742	0.00024865466736229	0.000508216161273929
Master_mconsumospesos_rank_delta1	0.000153205824834879	0.0004256462191854	0.000440454006437405
vm_mconsumototal_rank_lag2	0.000153105426699651	0.000431992114220591	0.000559037777401321
vm_mconsumototal_rank_lag3	0.000152469597998942	0.00058487642745573	0.000626799932237845
Master_mpagospesos_rank_delta3	0.000150891564819054	0.000461844377285927	0.000559037777401321
Master_mpagosdolares_rank	0.000150335846993882	0.000254452412996647	0.000372691851600881
vmr_mpagospesos_lag2	0.000149463595705535	0.000421962102392802	0.000575978316110452
Master_msaldototal_rank_delta3	0.000148373450336529	0.000529996640349166	0.000491275622564798
Visa_fechaalta_delta3	0.000148021170263155	0.000280345317171921	0.000491275622564798
vmr_mpagospesos_delta1	0.000147951163454496	0.000844397640775387	0.000592918854819583
vm_mconsumospesos_rank_lag1	0.000147905066692696	0.000200624902525665	0.000389632390310012
vm_cconsumos_delta2	0.000147468378190043	0.000323085530669618	0.000135524309673048
cproductos_lag3	0.0001474600318115	0.00132137445877868	0.000474335083855667
vm_mconsumototal_rank_delta2	0.000147405013419586	0.000233132692610695	0.000474335083855667
mplazo_fijo_dolares_rank_delta2	0.000146914827793724	0.000815007968204682	0.00016940538709131
ccomisiones_mantenimiento_lag3	0.000145935093234273	0.00176598594679473	0.000406572929019143
Visa_fechaalta_delta1	0.00014580081241536	7.13098837873377e-05	0.000220227003218702
Visa_mpagosdolares_rank	0.000145273884947078	0.000134082367017254	0.000508216161273929
vm_status02_delta2	0.00014309672832137	0.000582982231600963	0.000304929696764357
ccajas_depositos	0.000142924871203055	0.00198933863883568	0.000321870235473488
cinversion1	0.000142675240670911	0.000732914235360515	0.000118583770963917
mextraccion_autoservicio_rank_lag1	0.00014263760433445	0.000522247308114861	0.000575978316110452
tcallcenter_lag3	0.000142583256958997	0.000486618877431565	0.000474335083855667
vmr_mconsumospesos	0.000142355086236748	0.000515925024626407	0.00052515669998306
vm_msaldototal_rank_delta1	0.000142252036521483	0.000441217977772383	0.000491275622564798
Master_mpagospesos_rank_delta2	0.000140809800056998	0.000511918630932714	0.000508216161273929
vm_mconsumospesos_rank_lag2	0.000140271508458948	0.000425740627714384	0.000474335083855667
Master_fultimo_cierre_delta2	0.00013949944659389	0.000290441945947366	0.000660681009656107
mtarjeta_visa_consumo_rank_lag1	0.000138401835637853	0.000319448787602374	0.000508216161273929
Master_mconsumototal_rank_lag2	0.000136730334353292	0.000390543531411217	0.000508216161273929
vm_msaldopesos_rank_lag3	0.000136089122955302	0.000271318664277618	0.000508216161273929
Master_mconsumosdolares_rank_lag3	0.000134379064151127	0.000169727969734542	0.000575978316110452
Visa_delinquency_lag3	0.000133711905058771	0.000224369607843381	0.000237167541927833
vm_mconsumospesos_rank_delta1	0.000133296280122041	0.000341822290942679	0.00035575131289175
ctarjeta_visa_debitos_automaticos_delta3	0.000132758011233493	0.000394655405076862	0.000118583770963917
Visa_mpagosdolares_rank_lag2	0.000132577655402096	0.000247947676647034	0.000508216161273929
Master_mconsumosdolares_rank	0.000131772384507184	0.000147929541243107	0.000457394545146536
vmr_mpagospesos_delta2	0.000130879254407668	0.000927914204672848	0.000643740470946976
vmr_msaldopesos2_delta1	0.000130857334895031	0.000339482676627272	0.00054209723869219
matm_rank_delta2	0.00013028942557285	0.000573382424414224	0.000508216161273929
Master_mpagospesos_rank_delta1	0.000130082319957286	0.000320743958139809	0.000457394545146536
ctransferencias_recibidas_delta2	0.00012946688154457	0.00190629456947878	0.000372691851600881
mtarjeta_master_consumo_rank_delta1	0.000129420542190799	0.00115664159272127	0.000321870235473488
cseguro_vida_lag3	0.000129034458141034	0.00108965134161609	0.000220227003218702
vmr_mconsumototal_lag2	0.000128675492352185	0.000247392485205944	0.00052515669998306
mplazo_fijo_dolares_rank_lag2	0.000126563699915662	0.000692959657166373	0.000203286464509571
mv_status07_rank_delta3	0.000126486583983239	0.00126333449020611	0.000423513467728274
cmobile_app_trx_delta2	0.000126315058419194	0.000490398570150194	0.000338810774182619
Master_msaldopesos_rank_delta1	0.000125540700828875	0.000916492053036728	0.000508216161273929
ccomisiones_otras_delta1	0.000124838887527075	0.000625397230875961	0.000406572929019143
Visa_mpagado_rank_delta3	0.000124788814793629	0.000584948693098777	0.00035575131289175
vmr_msaldototal_delta1	0.000124486352892907	0.000457585788171969	0.000575978316110452
matm_other_rank_lag3	0.000124262344245225	0.000338101269340187	0.000389632390310012
mv_status07_rank_delta1	0.000123843486581796	0.00268196389323485	0.000592918854819583
vm_mconsumosdolares_rank_lag2	0.000123320936509669	0.00141739990798973	0.000491275622564798
vm_fultimo_cierre_delta2	0.000122928582672203	0.000173222403335878	0.000406572929019143
Master_mconsumototal_rank_lag1	0.000122832082750347	0.00044337299272238	0.00054209723869219
mtarjeta_master_consumo_rank_lag2	0.000122467768147956	0.000348113544264446	0.000440454006437405
vm_status04_delta3	0.000120745890443387	0.0003111018233956	0.00018634592580044
vm_status02_delta1	0.000120433236553704	0.000208184890490433	0.000220227003218702
Master_cconsumos_delta2	0.000119857430219771	0.00046638453503619	0.000389632390310012
matm_other_rank_delta3	0.00011947578267339	0.000497740254867048	0.00035575131289175
vm_mconsumospesos_rank	0.00011923249304966	0.000296462287838135	0.000406572929019143
Master_mconsumototal_rank_delta1	0.000119144892584332	0.000342158425976469	0.000440454006437405
Master_fechaalta_delta2	0.000116229400979486	0.000176634930854031	0.000423513467728274
Visa_mpagosdolares_rank_delta1	0.00011591227239881	0.000132863001971979	0.000389632390310012
tcuentas_lag1	0.000114555289103502	0.00300801732377934	0.000559037777401321
matm_rank_lag1	0.00011347357436373	0.0010395856739863	0.000474335083855667
Master_mconsumototal_rank_delta3	0.000113398076723401	0.00037009393606344	0.000457394545146536
ctarjeta_debito_lag3	0.000112640692800239	0.00035105809619836	0.000237167541927833
ctarjeta_visa_transacciones_lag1	0.000112117789692484	0.00043083213579287	0.000338810774182619
Master_cadelantosefectivo	0.000111567676648432	0.000113947140397024	0.000271048619346095
Master_mpagosdolares_rank_lag2	0.000110685343792974	0.000206121760985478	0.000491275622564798
ctransferencias_recibidas_delta3	0.000109533835918778	0.00122144839710964	0.000287989158055226
Visa_mpagosdolares_rank_lag3	0.00010929811046577	0.000550206994618109	0.00052515669998306
vm_status01_delta2	0.000109032793464849	0.000244494290232213	0.000203286464509571
Master_mconsumospesos_rank_delta3	0.000108290889718527	0.0003092350048845	0.000372691851600881
Master_fechaalta_delta1	0.000107903652419045	0.000133061497128052	0.000338810774182619
vm_mpagado_rank_delta2	0.000107018872720245	0.000940189535260967	0.000338810774182619
Master_mconsumosdolares_rank_lag1	0.000106968432771688	0.000188300239997789	0.000389632390310012
mtarjeta_master_descuentos_rank_lag2	0.00010597870390983	0.000428195287125939	0.000254108080636964
vmr_msaldopesos_delta1	0.000104834653171323	0.000209683414061978	0.000457394545146536
vmr_mconsumospesos_delta1	0.000104782816331574	0.000306299189599458	0.000406572929019143
cproductos_lag2	0.000104664106773139	0.000154103151068844	0.000118583770963917
cprestamos_personales_lag2	0.000104065585488286	0.0020673669679483	0.000423513467728274
Master_madelantopesos_rank	0.0001028009263018	0.000131779356247988	0.000220227003218702
cpagomiscuentas_delta2	0.000102753915711408	0.000916886294317117	0.000152464848382179
mtarjeta_master_consumo_rank_delta2	0.000101578469990159	0.000497751062704231	0.000304929696764357
vmr_mconsumototal_delta2	0.000100979124039983	0.000444515196588602	0.000389632390310012
ctarjeta_visa_transacciones_delta1	9.99921431842276e-05	0.00192175824969393	0.00035575131289175
Visa_mpagado_rank_lag3	9.97151343707147e-05	0.000206994446765564	0.000254108080636964
ctarjeta_debito_delta3	9.94617044517287e-05	0.00122243164668754	0.000237167541927833
cpagomiscuentas_delta3	9.9072663388051e-05	0.00057437437298302	0.000135524309673048
mextraccion_autoservicio_rank_delta1	9.893046983714e-05	0.000653281036571111	0.000389632390310012
mplazo_fijo_dolares_rank_delta1	9.85051351925044e-05	0.00115182965740672	0.000203286464509571
ccajas_extracciones_delta2	9.7635397959958e-05	0.00118405324279759	0.000304929696764357
Visa_mpagado_rank	9.7125122898644e-05	0.000547737949862289	0.000321870235473488
Visa_delinquency_delta2	9.67556859636618e-05	0.00108201230957381	0.000338810774182619
Master_Finiciomora	9.65141230436621e-05	0.000117637960308154	3.38810774182619e-05
Visa_status_delta2	9.53408928498577e-05	0.00033277454958558	0.00016940538709131
Visa_mpagosdolares_rank_delta2	9.5316011139982e-05	0.000178252754872254	0.000321870235473488
Master_delinquency_delta2	9.4911586922854e-05	0.000506193791126883	0.000203286464509571
Master_delinquency_lag1	9.44074198914865e-05	0.000176139728558004	0.000203286464509571
vm_mconsumototal_rank	9.32406719264133e-05	0.000230290005483682	0.000271048619346095
vmr_mconsumosdolares	9.31402363551178e-05	0.000566912747634011	0.000271048619346095
mtarjeta_master_consumo_rank_delta3	9.2008268545674e-05	0.000477317208387613	0.000304929696764357
vm_mconsumototal_rank_delta1	9.19701378229112e-05	0.0002631267002724	0.000406572929019143
Visa_mpagosdolares_rank_lag1	9.16581538021428e-05	0.000165198167925831	0.000406572929019143
Master_mpagominimo_rank_delta1	9.11044171912532e-05	0.000603178916027058	0.000423513467728274
mcuenta_debitos_automaticos_rank_delta1	9.06924021777952e-05	0.000682947645847899	0.000304929696764357
vmr_Visa_mlimitecompra_delta3	8.97619053030664e-05	0.000612643757051898	0.000203286464509571
Visa_fultimo_cierre_delta3	8.96724775601644e-05	9.94189971126881e-05	0.000287989158055226
ctarjeta_debito_lag2	8.94481103557888e-05	0.00166928141142366	0.000338810774182619
Master_mpagosdolares_rank_lag1	8.92023659174669e-05	0.000118598652762447	0.00035575131289175
Master_delinquency_lag2	8.89512858402398e-05	0.000407501630479261	0.000237167541927833
mcajeros_propios_descuentos_rank_delta2	8.88846127061496e-05	0.000107565733896802	0.000135524309673048
Visa_mpagado_rank_lag2	8.86391900192735e-05	0.000252832743737929	0.000304929696764357
Visa_delinquency_delta1	8.76204854177435e-05	8.87867590401786e-05	8.47026935456547e-05
Master_madelantodolares_rank	8.56209154444026e-05	8.56219079859779e-05	0.000254108080636964
mplazo_fijo_dolares_rank_lag3	8.44813983708364e-05	0.000805336271954589	0.000271048619346095
Visa_status_delta1	8.38615276527556e-05	0.000142934663513792	0.000101643232254786
matm_other_rank_lag2	8.31302977521818e-05	0.000326720579128244	0.000287989158055226
cseguro_accidentes_personales_lag3	8.30116808181486e-05	0.000706834585315584	0.000220227003218702
Visa_fechaalta_delta2	8.28680912915703e-05	0.000224029104485154	0.000304929696764357
cseguro_accidentes_personales	8.25931079334427e-05	0.000480273246002158	0.000287989158055226
ccajeros_propios_descuentos_delta2	8.03340555051436e-05	9.56377980752874e-05	8.47026935456547e-05
ccajas_otras_delta3	8.00730479812127e-05	0.000629649455793112	0.000152464848382179
cseguro_vida_delta2	7.91820740367443e-05	0.0019776325461112	0.000338810774182619
cextraccion_autoservicio_delta2	7.8844988473874e-05	0.000656130803396349	0.000254108080636964
Master_mpagado_rank_lag2	7.75174137162477e-05	0.000558108615680182	0.000321870235473488
Master_cconsumos_delta3	7.75089753608701e-05	0.000132608697705434	0.000203286464509571
mpagomiscuentas_rank_delta1	7.71411881584731e-05	0.00076206658740882	0.000304929696764357
Master_mpagado_rank	7.69845535076893e-05	0.000290851664653128	0.000287989158055226
vmr_mconsumosdolares_lag1	7.67160745128007e-05	0.000526498817530595	0.000287989158055226
Visa_Fvencimiento_delta1	7.62318854795476e-05	9.09922356690108e-05	0.00016940538709131
ctarjeta_debito_delta1	7.60699685583059e-05	0.00177241634631299	0.000287989158055226
internet_delta3	7.30195581659787e-05	0.00144168376245363	0.000372691851600881
Master_Fvencimiento_delta1	7.28571682082578e-05	9.78639489292541e-05	0.000287989158055226
ctarjeta_visa_descuentos_delta1	7.26548316775232e-05	8.79852468220304e-05	0.000135524309673048
mprestamos_prendarios_rank_lag3	7.24124456776224e-05	0.00033085964184771	6.77621548365238e-05
Visa_msaldodolares_rank_lag3	7.21230330544661e-05	0.000872122529840178	0.000287989158055226
vm_mconsumosdolares_rank_lag3	7.20097169247031e-05	0.000267313475638942	0.000287989158055226
mcheques_depositados_rank	7.19670711140757e-05	0.00052999908811717	0.000118583770963917
vm_mconsumosdolares_rank_delta2	7.10916049238672e-05	0.000641106516366754	0.000271048619346095
matm_rank_delta3	7.08647847359514e-05	0.000426513519875879	0.000304929696764357
Master_mconsumosdolares_rank_lag2	7.07235978613317e-05	8.82122114028789e-05	0.000304929696764357
ccajas_extracciones	7.03522178236139e-05	0.00157053050434396	0.000254108080636964
vm_cconsumos_lag1	6.97343793045467e-05	0.000386269351897976	0.00016940538709131
ctarjeta_visa_debitos_automaticos_lag3	6.90605759075042e-05	0.000615497252016094	0.000220227003218702
cmobile_app_trx	6.89016745044981e-05	0.0010706777880322	0.000220227003218702
ccajas_depositos_delta3	6.83470622770487e-05	0.000467383826908995	0.000101643232254786
cmobile_app_trx_delta1	6.75431214176257e-05	0.00209086719772945	0.000389632390310012
Master_madelantopesos_rank_lag3	6.69008947240049e-05	8.01116432891019e-05	0.000321870235473488
vmr_Visa_mlimitecompra_delta2	6.68497692700255e-05	0.000625445734340393	0.000152464848382179
Visa_mpagado_rank_lag1	6.62453662017146e-05	0.000229902655611671	0.000237167541927833
tcuentas_lag3	6.62236895908764e-05	0.000494948820236224	0.000152464848382179
vmr_mpagado_delta2	6.57949143561389e-05	0.000735609039642167	0.00016940538709131
ctarjeta_debito_transacciones_lag1	6.56256084114914e-05	0.000684862478269831	0.000321870235473488
vmr_msaldodolares2_lag3	6.55263419999626e-05	0.0012047526234556	0.000287989158055226
vmr_msaldodolares2_delta3	6.52595538023347e-05	0.00158357865177764	0.000372691851600881
ctarjeta_master_transacciones_delta2	6.41851617494353e-05	0.000566880663044185	0.00018634592580044
vmr_mconsumosdolares_lag2	6.36075734899431e-05	0.000248023293849348	0.00018634592580044
matm_rank	6.33756337718384e-05	0.000137785350452461	0.000237167541927833
matm_other_rank_lag1	6.28844155781724e-05	0.000260831334070897	0.00018634592580044
mforex_sell_rank_delta3	6.26711515117614e-05	0.00101865560060849	0.000271048619346095
Visa_msaldodolares_rank_lag1	6.26192930120144e-05	0.0003203340511442	0.000203286464509571
active_quarter_delta3	6.1437357687586e-05	5.39244420839079e-05	8.47026935456547e-05
cmobile_app_trx_lag1	6.12752907094551e-05	0.000761252045533301	0.000271048619346095
vm_mpagospesos_rank_lag1	6.11745614051485e-05	0.000325017346835695	0.000287989158055226
vm_status01_lag1	6.10779840320542e-05	0.000262206979688683	0.000152464848382179
mv_status07_rank_delta2	6.09243598082901e-05	0.00065074876408487	0.000220227003218702
vm_mpagado_rank_delta3	6.05460091368121e-05	0.000586960683081451	0.000203286464509571
minversion2_rank_lag2	6.00409698104566e-05	0.000899601399391664	0.00018634592580044
ccaja_seguridad_delta3	5.9508507141005e-05	0.00122669117725073	0.000237167541927833
vm_Fvencimiento_delta2	5.86401665093629e-05	0.000305743696894614	0.000271048619346095
catm_trx_lag3	5.76424184242421e-05	0.000623532671843018	0.000203286464509571
Visa_madelantopesos_rank_lag3	5.75470417630551e-05	5.29347529932693e-05	0.000271048619346095
ccajas_extracciones_lag2	5.74770526954973e-05	0.000839024677034505	0.000220227003218702
mtarjeta_master_descuentos_rank_delta1	5.7404808520757e-05	4.6952746915227e-05	6.77621548365238e-05
mcheques_depositados_rank_lag3	5.70668467328374e-05	0.000776423349274964	0.000152464848382179
cseguro_auto	5.61506285749905e-05	0.00167523253796689	0.000271048619346095
Master_mpagosdolares_rank_delta2	5.57818831270514e-05	6.12245147447073e-05	0.000254108080636964
mtarjeta_master_consumo_rank_lag1	5.56787240427559e-05	0.000793144466742332	0.000220227003218702
cplazo_fijo_delta2	5.52551360424465e-05	0.000147264727453444	3.38810774182619e-05
Visa_madelantopesos_rank	5.50282904877709e-05	0.000133239845270561	0.00018634592580044
vm_Finiciomora_delta2	5.4652832341471e-05	0.00103758757979429	0.00016940538709131
ctarjeta_master_transacciones_lag3	5.42297524802346e-05	0.000345259898668372	0.00018634592580044
mcheques_emitidos_rank_lag3	5.42161989489975e-05	0.000217145491306618	0.000101643232254786
cplazo_fijo_lag3	5.41524997995395e-05	0.000626017495287966	0.000135524309673048
vmr_Master_mlimitecompra_delta2	5.38749208145074e-05	0.000119036238365477	0.00016940538709131
mv_status07_rank	5.345862397126e-05	0.000517726205297053	0.00018634592580044
Visa_msaldodolares_rank_delta2	5.34385868212557e-05	0.000137419879860602	0.000152464848382179
vm_mconsumosdolares_rank_lag1	5.24283818706629e-05	0.000881833428036291	0.000220227003218702
Master_mpagado_rank_delta2	5.21567721129546e-05	0.000600000658735793	0.00016940538709131
mcheques_emitidos_rank_lag2	5.20270043443028e-05	0.000328055064585607	0.000135524309673048
mtarjeta_visa_descuentos_rank_delta1	5.19420542755276e-05	0.00015152030392986	0.000220227003218702
Visa_mpagosdolares_rank_delta3	5.12443990735734e-05	7.19323700195304e-05	0.000254108080636964
minversion2_rank_lag1	5.12223656310255e-05	0.000527103340911441	0.000118583770963917
catm_trx_lag2	5.01347832202887e-05	0.000655020156908384	0.000203286464509571
mttarjeta_master_debitos_automaticos_rank	4.99791229567693e-05	0.00148226726639271	0.000271048619346095
matm_other_rank_delta1	4.99318812966324e-05	0.000767967365247126	0.00016940538709131
vmr_mconsumototal_delta1	4.98688759328011e-05	0.000242420917759614	0.000237167541927833
mttarjeta_master_debitos_automaticos_rank_lag2	4.90935366798595e-05	0.000293682188256064	0.00016940538709131
Master_cconsumos_delta1	4.90629035484483e-05	0.000157925962162298	0.000237167541927833
ctransferencias_emitidas_delta3	4.85483130117767e-05	0.000229793183894975	6.77621548365238e-05
cextraccion_autoservicio_lag2	4.8296252272585e-05	0.000455737083144092	0.00018634592580044
vmr_mpagado_lag1	4.81085761212844e-05	0.000655513815227671	0.000203286464509571
Master_cadelantosefectivo_lag3	4.80345940555364e-05	4.82406118066219e-05	0.000203286464509571
Visa_cadelantosefectivo_lag3	4.78114993571671e-05	4.40226556415157e-05	0.000220227003218702
Master_mconsumosdolares_rank_delta2	4.716990221793e-05	4.17321473180501e-05	0.000152464848382179
Visa_madelantodolares_rank	4.70054398673859e-05	8.60012367105319e-05	0.000220227003218702
Visa_mpagado_rank_delta1	4.65604892145512e-05	0.000246882332696113	0.00016940538709131
vmr_Master_mlimitecompra_delta3	4.62541226917777e-05	0.00018151980965508	0.000152464848382179
cplazo_fijo_delta1	4.6234739109865e-05	0.000826588057363961	0.000135524309673048
cprestamos_personales_lag1	4.62331622620545e-05	0.00150486916531669	0.000254108080636964
Visa_cadelantosefectivo_delta1	4.6043332615755e-05	2.61663763481824e-05	0.000118583770963917
vm_mpagospesos_rank_lag2	4.54319892376803e-05	0.000101748104854665	0.000220227003218702
ctransferencias_emitidas_lag2	4.53600859064454e-05	0.00073021592888772	0.00016940538709131
mcaja_ahorro_adicional_rank_delta1	4.53465952561905e-05	0.00135096420814017	0.000220227003218702
Master_status_delta1	4.49728853173094e-05	5.04349416765473e-05	0.000118583770963917
vmr_mpagado_lag2	4.48861606974227e-05	7.01207957493634e-05	0.000135524309673048
Master_madelantodolares_rank_lag3	4.4775029648294e-05	5.50035688515856e-05	0.000254108080636964
ccajas_extracciones_delta3	4.47236498009947e-05	0.000486402118160391	0.000152464848382179
mtarjeta_master_descuentos_rank_delta2	4.45274752492309e-05	0.000129001666775951	0.000101643232254786
mtarjeta_visa_descuentos_rank_delta3	4.41391885786996e-05	0.000106424320847936	0.000135524309673048
vmr_mconsumosdolares_delta3	4.40600378569955e-05	0.000370365977233516	0.00016940538709131
Visa_madelantodolares_rank_lag3	4.34351732702056e-05	5.4030976479e-05	0.000203286464509571
ccajas_otras_lag3	4.29972611898342e-05	0.000884309288884551	0.00018634592580044
catm_trx_other_delta3	4.26874921885058e-05	0.00013821306966754	0.000135524309673048
Master_mpagado_rank_lag3	4.26525062908135e-05	5.07943493353523e-05	0.000135524309673048
catm_trx_delta3	4.26098030476982e-05	0.000259171107179265	0.000135524309673048
ctarjeta_visa_lag1	4.25364139746212e-05	0.00125642440347517	0.000203286464509571
Master_mpagado_rank_delta1	4.23917571684186e-05	0.00121204813950212	0.000254108080636964
Visa_madelantopesos_rank_lag1	4.13524460045815e-05	3.74581184366865e-05	0.000152464848382179
Master_mconsumosdolares_rank_delta3	4.12815399264227e-05	0.000162261222901711	0.00016940538709131
Master_madelantopesos_rank_lag1	4.10750391383741e-05	3.24442610908549e-05	0.000135524309673048
mttarjeta_master_debitos_automaticos_rank_delta2	4.09391699494246e-05	0.0012286906647876	0.000254108080636964
vmr_mconsumosdolares_delta2	4.04637394375725e-05	0.000369981715314987	0.000152464848382179
vmr_mpagosdolares_delta2	4.00147412681108e-05	0.00114344748299867	0.000220227003218702
ccuenta_debitos_automaticos_delta3	3.98121802772795e-05	0.000550977363695663	0.000101643232254786
vmr_msaldodolares2_delta2	3.9540740941324e-05	0.000795495039526799	0.00018634592580044
vmr_mpagado_lag3	3.94748088024436e-05	0.000255050007311146	0.000152464848382179
ccheques_depositados	3.93302236305416e-05	0.000209404067245862	3.38810774182619e-05
vm_mconsumosdolares_rank	3.90827950939273e-05	0.000254435504568441	0.000135524309673048
vmr_msaldodolares_lag3	3.87303508511709e-05	0.000133978431022043	0.000101643232254786
ctransferencias_emitidas_lag3	3.78685544862886e-05	0.000649092717227828	0.00016940538709131
ctarjeta_master_transacciones_lag2	3.77291764670804e-05	0.000159355195070369	0.000135524309673048
mttarjeta_master_debitos_automaticos_rank_delta3	3.75679221184601e-05	0.000398243531705766	0.000101643232254786
ccajeros_propios_descuentos_lag3	3.74052784931408e-05	0.00053787728592235	0.000118583770963917
vm_status04_lag1	3.73918441142192e-05	2.30485224396427e-05	5.08216161273929e-05
ctransferencias_recibidas_lag3	3.73342388822144e-05	0.000567377108053198	0.000152464848382179
cextraccion_autoservicio_delta3	3.73206201476862e-05	0.000181419865404612	0.000118583770963917
mcajeros_propios_descuentos_rank_lag2	3.72736110757275e-05	3.58245910452737e-05	1.6940538709131e-05
mforex_sell_rank_lag3	3.72611945827043e-05	0.000400848295782871	0.000135524309673048
vmr_Visa_mlimitecompra_delta1	3.70704258303733e-05	0.00013494047916323	0.000118583770963917
ctarjeta_master_descuentos_delta1	3.69580789519989e-05	4.27247360723232e-05	6.77621548365238e-05
mv_status07_rank_lag2	3.6499001425563e-05	0.000360298759332079	0.000135524309673048
matm_rank_delta1	3.61909820161068e-05	0.000610838434004631	0.000220227003218702
cpayroll_trx_delta2	3.60806350477189e-05	0.00111852479874391	0.00018634592580044
vm_status04_lag3	3.60176018538613e-05	3.1852051865963e-05	0.000101643232254786
mcheques_emitidos_rank_delta1	3.42165295828413e-05	0.00115172236985224	0.00018634592580044
vm_mpagado_rank_delta1	3.40677811361407e-05	0.00078101197283169	0.000152464848382179
Visa_msaldodolares_rank	3.36889109820035e-05	9.7647264974019e-05	8.47026935456547e-05
matm_other_rank_delta2	3.33143282568768e-05	0.000112676899435252	0.000101643232254786
ctarjeta_visa_debitos_automaticos_lag2	3.32611318391875e-05	0.000427619798039408	0.000101643232254786
ccajas_consultas_delta1	3.27073323305683e-05	0.00124617857382544	0.000203286464509571
vm_mpagosdolares_rank_delta2	3.25322821713585e-05	0.0007242986192009	0.000152464848382179
cprestamos_prendarios_delta2	3.22653065365985e-05	0.0017435956856581	0.000287989158055226
ccaja_seguridad_delta2	3.20883569519263e-05	0.00187319814767594	0.000304929696764357
vm_fechaalta_delta3	3.20835687973677e-05	3.72080695206696e-05	0.000101643232254786
vm_status05_delta1	3.20555392423034e-05	0.000155417188248888	5.08216161273929e-05
vmr_Master_mlimitecompra_delta1	3.16470145420394e-05	0.000483694736117	0.000152464848382179
vm_status05_delta2	3.15524426167453e-05	0.00041810935321377	0.000101643232254786
Visa_cadelantosefectivo_lag2	3.10827849184675e-05	2.83487309838769e-05	0.000101643232254786
vm_mpagado_rank_lag2	3.10403536534638e-05	0.00020227921711612	0.000118583770963917
vm_mconsumosdolares_rank_delta3	3.09588191708915e-05	0.000153652347518597	0.000118583770963917
Master_Finiciomora_lag1	3.0793781244994e-05	0.000126129945354624	3.38810774182619e-05
cseguro_accidentes_personales_lag2	3.07606808389101e-05	0.000149026442572284	5.08216161273929e-05
vmr_mpagado	3.01504464527022e-05	0.000565669469778243	0.000135524309673048
vmr_msaldodolares2_delta1	2.98997521243978e-05	0.000455625050685485	0.000101643232254786
Visa_cadelantosefectivo_lag1	2.9832583445295e-05	2.36269488477782e-05	0.000101643232254786
vm_mpagosdolares_rank_lag3	2.97197478101958e-05	0.000432002545478082	0.000135524309673048
cseguro_vivienda_lag3	2.95033688128602e-05	0.000119051715790851	5.08216161273929e-05
ctarjeta_master_transacciones_delta3	2.92287573814509e-05	0.000217635609776793	8.47026935456547e-05
Visa_msaldodolares_rank_delta1	2.91360717069817e-05	0.000100585603343003	0.000101643232254786
mcajeros_propios_descuentos_rank_delta1	2.90383875303503e-05	2.31052353413779e-05	3.38810774182619e-05
mcheques_emitidos_rank_lag1	2.84381480941164e-05	0.000998555094635933	0.00016940538709131
Master_mconsumosdolares_rank_delta1	2.79388278556096e-05	7.03876024617097e-05	0.00016940538709131
vm_fechaalta_delta2	2.76245962695804e-05	0.000134069224385976	8.47026935456547e-05
vm_status01_lag3	2.7350936716902e-05	2.2736827427915e-05	0.000118583770963917
Master_delinquency_lag3	2.72303293854173e-05	2.45967921886064e-05	0.000101643232254786
ccheques_emitidos_lag2	2.6802624199211e-05	4.0661455935491e-05	3.38810774182619e-05
mprestamos_hipotecarios_rank_lag3	2.63664862624305e-05	0.000770991601444036	0.000135524309673048
vm_cconsumos	2.60549051901859e-05	0.000432991820331058	0.000101643232254786
Visa_msaldodolares_rank_delta3	2.58394829841579e-05	0.000388111692729045	0.000152464848382179
Visa_msaldodolares_rank_lag2	2.56856327372045e-05	0.000358345365149605	0.000135524309673048
vm_status03_lag3	2.55734935715062e-05	1.87155588363565e-05	6.77621548365238e-05
internet_delta2	2.54526750885417e-05	0.000202370537691623	5.08216161273929e-05
mtarjeta_visa_descuentos_rank_lag3	2.50880098733159e-05	0.000142774089932783	6.77621548365238e-05
vmr_msaldodolares_lag2	2.50745657585605e-05	0.000385959351494866	0.000135524309673048
ccajas_otras_delta2	2.45606967454311e-05	0.000176552535217247	5.08216161273929e-05
cinversion1_lag1	2.45136455146321e-05	0.000418808134491723	6.77621548365238e-05
mtarjeta_master_descuentos_rank_lag3	2.44271479004502e-05	0.000140402089763797	8.47026935456547e-05
mforex_buy_rank_delta3	2.43459371120246e-05	0.000915292910320956	0.000152464848382179
ctarjeta_visa_debitos_automaticos	2.42777078522657e-05	0.000993402430015336	0.00016940538709131
vm_mpagado_rank_lag3	2.42469408308086e-05	6.12186401014997e-05	0.000101643232254786
catm_trx_delta2	2.41351019275221e-05	0.000275842290179368	0.000118583770963917
Master_mpagado_rank_lag1	2.33764827222869e-05	7.77434465750123e-05	0.000101643232254786
minversion2_rank_lag3	2.31148830765509e-05	0.000430135162097442	0.000101643232254786
mprestamos_hipotecarios_rank_lag2	2.2833102230663e-05	0.000681313553586947	0.000118583770963917
Master_msaldodolares_rank_lag3	2.28273603216623e-05	0.000125752800792288	0.000101643232254786
mprestamos_prendarios_rank_delta3	2.27910681698178e-05	0.000205912834571914	5.08216161273929e-05
ctarjeta_master_delta3	2.23154176638478e-05	0.000180047345398276	8.47026935456547e-05
mtarjeta_master_descuentos_rank_lag1	2.18450143257421e-05	0.000121834602062648	6.77621548365238e-05
vm_mpagosdolares_rank_lag1	2.16684501550441e-05	0.000430113885344799	0.000101643232254786
Visa_cadelantosefectivo	2.11723851238575e-05	2.24263374712043e-05	0.000118583770963917
ccomisiones_mantenimiento_lag2	2.11514685332991e-05	6.43408246765065e-05	3.38810774182619e-05
Master_cadelantosefectivo_delta1	2.1129794870007e-05	2.87772033583408e-05	0.000101643232254786
vmr_mpagado_delta3	2.10693431124061e-05	9.57796933035331e-05	6.77621548365238e-05
cseguro_vida_lag2	2.06323206438556e-05	0.000251933998643101	5.08216161273929e-05
ctarjeta_visa_lag2	2.04359365483645e-05	0.000721290839536565	0.000118583770963917
Master_mpagosdolares_rank_delta3	2.03719714052065e-05	2.70387608645148e-05	8.47026935456547e-05
ccallcenter_transacciones_delta1	2.02294797055477e-05	0.00109727305099251	0.00018634592580044
Master_msaldodolares_rank_delta1	2.00482227735994e-05	1.22223834833122e-05	5.08216161273929e-05
ctarjeta_master_descuentos_lag2	1.99677213612535e-05	7.83695103142866e-05	3.38810774182619e-05
vm_Fvencimiento_delta1	1.99582935905927e-05	4.00015000238651e-05	0.000101643232254786
Visa_madelantopesos_rank_delta1	1.99184106131178e-05	1.89694488652399e-05	6.77621548365238e-05
vm_msaldodolares_rank_delta3	1.98488339675415e-05	0.000155786537611583	6.77621548365238e-05
vmr_msaldodolares2	1.97857239700127e-05	0.000247386459930859	6.77621548365238e-05
vm_status02_lag3	1.97688769580167e-05	0.000406891157139269	0.000101643232254786
ctarjeta_master_descuentos_delta3	1.94151043545128e-05	5.38643776229068e-05	5.08216161273929e-05
vm_status06_lag2	1.92969279446328e-05	0.000118146794789061	0.000101643232254786
Master_madelantopesos_rank_delta3	1.9160140103835e-05	0.000170654468752729	0.000101643232254786
mtarjeta_master_descuentos_rank_delta3	1.88783985585609e-05	6.53343925379808e-05	6.77621548365238e-05
cforex_buy_delta3	1.88052947722125e-05	0.000400359081103959	6.77621548365238e-05
vmr_msaldodolares_lag1	1.87976458009256e-05	0.00042982211139882	8.47026935456547e-05
vm_mpagado_rank_lag1	1.86475135260202e-05	0.000188206170390529	8.47026935456547e-05
ctarjeta_master_descuentos_delta2	1.83930956431942e-05	4.46813688401554e-05	5.08216161273929e-05
ccajas_consultas_lag3	1.83919884377191e-05	0.000377420783540397	8.47026935456547e-05
cpagomiscuentas	1.83335859391709e-05	0.000732914235360515	0.000118583770963917
Master_mpagosdolares_rank_delta1	1.83243711510412e-05	2.34159512459043e-05	0.000101643232254786
ctransferencias_recibidas	1.83033629632567e-05	0.000724041151664935	0.000135524309673048
Visa_madelantodolares_rank_delta1	1.82974582246674e-05	1.47717903455755e-05	8.47026935456547e-05
catm_trx_other_delta2	1.82517108363922e-05	3.98682661285536e-05	5.08216161273929e-05
cprestamos_personales	1.82456925279608e-05	0.000457945836016251	8.47026935456547e-05
vm_msaldodolares_rank_lag3	1.82393991598924e-05	0.000197125611046292	8.47026935456547e-05
vmr_mpagosdolares_lag1	1.81203071350297e-05	0.000618021541012848	0.000118583770963917
Master_cadelantosefectivo_delta3	1.81134071083951e-05	1.87674891759931e-05	6.77621548365238e-05
mcheques_depositados_rank_delta2	1.79747839289312e-05	6.26336382971826e-05	3.38810774182619e-05
vmr_mpagosdolares_lag2	1.79628253773787e-05	0.000100148808557328	5.08216161273929e-05
cprestamos_hipotecarios_lag3	1.780899312832e-05	0.000470962764993395	8.47026935456547e-05
cseguro_vivienda_lag2	1.76679568018472e-05	3.04741091120512e-05	3.38810774182619e-05
vmr_msaldodolares_delta3	1.75638157130021e-05	0.000604149022973671	0.000118583770963917
mttarjeta_master_debitos_automaticos_rank_lag3	1.75252421605245e-05	0.000196530200894011	8.47026935456547e-05
Visa_madelantodolares_rank_lag1	1.73334033596623e-05	2.23021791464893e-05	8.47026935456547e-05
mcheques_emitidos_rechazados_rank_lag2	1.73086218216921e-05	0.000140634665382068	5.08216161273929e-05
Master_msaldodolares_rank_lag1	1.72603370875362e-05	1.47168473683965e-05	5.08216161273929e-05
ccajas_depositos_lag1	1.71782423032581e-05	0.000835206949766903	0.000135524309673048
cprestamos_hipotecarios_lag2	1.66267838607493e-05	0.000710269331035612	0.000118583770963917
cinversion2	1.66219030817895e-05	0.000104702033622931	1.6940538709131e-05
vmr_msaldodolares2_lag2	1.66142008760347e-05	0.000290303854174017	6.77621548365238e-05
vm_mconsumosdolares_rank_delta1	1.61638403150666e-05	0.00014618379310324	8.47026935456547e-05
Master_msaldodolares_rank_lag2	1.61363634695441e-05	3.23156214677956e-05	5.08216161273929e-05
Master_madelantodolares_rank_delta2	1.59215104078601e-05	1.76417795003165e-05	5.08216161273929e-05
Master_madelantopesos_rank_delta1	1.5865155203334e-05	2.23898468989723e-05	5.08216161273929e-05
mcheques_depositados_rank_lag2	1.579495528575e-05	9.12131749747745e-05	1.6940538709131e-05
ctarjeta_debito_transacciones	1.56546869289994e-05	7.98556067559695e-05	8.47026935456547e-05
mttarjeta_master_debitos_automaticos_rank_lag1	1.56409644051228e-05	0.000275110708810172	6.77621548365238e-05
ccheques_emitidos	1.53083893915661e-05	0.000209404067245862	3.38810774182619e-05
Master_madelantodolares_rank_lag1	1.53038996090542e-05	2.18867740873654e-05	0.000101643232254786
ccajas_depositos_lag2	1.50314083117818e-05	0.000305949158775004	8.47026935456547e-05
mtarjeta_visa_descuentos_rank	1.48162369151258e-05	0.000176393769218764	5.08216161273929e-05
ccheques_depositados_lag3	1.47450234883028e-05	0.000136321622844531	5.08216161273929e-05
ccallcenter_transacciones_lag1	1.46815763986908e-05	0.000625093406379813	0.000101643232254786
mforex_buy_rank_delta2	1.46759912455476e-05	0.000415048061575088	8.47026935456547e-05
cextraccion_autoservicio_delta1	1.45443783130763e-05	0.000584529597558664	0.000101643232254786
ctransferencias_emitidas_delta1	1.44881330609493e-05	0.000834781828951705	0.000135524309673048
Visa_madelantodolares_rank_delta2	1.44395832262892e-05	6.42968401683878e-06	3.38810774182619e-05
ctarjeta_visa_descuentos_delta3	1.43466990837201e-05	0.000133249937606328	6.77621548365238e-05
Visa_Finiciomora_lag2	1.42139223171619e-05	5.36125211243645e-05	3.38810774182619e-05
ctarjeta_visa_descuentos	1.41685056792799e-05	0.000613876791940022	0.000118583770963917
cpayroll_trx_delta1	1.4011266022342e-05	0.000624087863284108	0.000101643232254786
minversion1_pesos_rank_delta2	1.37584365988716e-05	0.000478353254438435	8.47026935456547e-05
Master_delinquency_delta3	1.36874266420448e-05	1.5491471796479e-05	5.08216161273929e-05
vmr_mpagosdolares_lag3	1.36696606209222e-05	0.000192548774433951	5.08216161273929e-05
Master_cadelantosefectivo_lag2	1.34909864091995e-05	1.53326681400267e-05	6.77621548365238e-05
Master_madelantopesos_rank_delta2	1.3375933192305e-05	1.46776830803456e-05	3.38810774182619e-05
Visa_madelantodolares_rank_delta3	1.32029515405168e-05	1.24368832763291e-05	5.08216161273929e-05
ccajas_consultas_lag2	1.29655224198553e-05	0.000165939088471408	3.38810774182619e-05
Master_cadelantosefectivo_lag1	1.28369158057031e-05	1.63443871426938e-05	8.47026935456547e-05
ctarjeta_master_debitos_automaticos_delta2	1.26013436390453e-05	0.000275062770215279	5.08216161273929e-05
cliente_vip_delta2	1.24512679927516e-05	8.59731438654493e-06	5.08216161273929e-05
mprestamos_prendarios_rank_delta2	1.21562114888303e-05	3.40160670706183e-06	1.6940538709131e-05
cseguro_vivienda_delta3	1.21492933303215e-05	0.000366328139135475	6.77621548365238e-05
minversion1_pesos_rank_delta3	1.2047474907754e-05	0.000172431247059282	5.08216161273929e-05
mcajeros_propios_descuentos_rank_delta3	1.20467692830965e-05	3.1734220080087e-05	3.38810774182619e-05
cliente_edad_delta2	1.1900485252842e-05	0.000583426332032678	0.000101643232254786
Visa_status_lag3	1.18110642089083e-05	0.000498719776305981	8.47026935456547e-05
Master_msaldodolares_rank_delta3	1.17648164970231e-05	1.01020515230213e-05	3.38810774182619e-05
ctransferencias_recibidas_lag1	1.17483175634183e-05	0.000571052036301292	0.000101643232254786
Visa_cadelantosefectivo_delta3	1.1217801435506e-05	1.70732194801322e-05	3.38810774182619e-05
Visa_madelantopesos_rank_delta2	1.1116889829943e-05	1.2476989013612e-05	6.77621548365238e-05
Visa_cadelantosefectivo_delta2	1.10823077907176e-05	1.20275411502593e-05	6.77621548365238e-05
catm_trx_other_lag2	1.06780932512964e-05	2.14066349790498e-05	3.38810774182619e-05
cplazo_fijo_lag2	1.04926249012975e-05	0.000216170187560245	5.08216161273929e-05
vm_fechaalta_delta1	1.04806723341566e-05	2.06050851029324e-05	5.08216161273929e-05
ccaja_ahorro_delta1	1.04350859444188e-05	0.000314106100868792	5.08216161273929e-05
vm_status02_lag1	1.03621107782611e-05	8.26023790352275e-06	5.08216161273929e-05
mttarjeta_master_debitos_automaticos_rank_delta1	1.01355218219825e-05	0.00012170690388882	5.08216161273929e-05
Master_madelantodolares_rank_delta3	1.00830192555139e-05	1.18382345386905e-05	6.77621548365238e-05
vmr_mpagosdolares	9.78730803909395e-06	0.000143939717055897	3.38810774182619e-05
vm_msaldodolares_rank_delta1	9.70349215588865e-06	0.000379714944686883	6.77621548365238e-05
mcheques_emitidos_rank_delta2	9.49635362606107e-06	0.000120447244816416	5.08216161273929e-05
cpagomiscuentas_lag3	9.4619707694922e-06	9.51149171718394e-05	3.38810774182619e-05
Master_madelantodolares_rank_delta1	9.35859729309096e-06	7.29822742030471e-06	3.38810774182619e-05
mforex_sell_rank	9.30151708155916e-06	0.000403119523226065	6.77621548365238e-05
vm_status03_lag1	9.1445023759757e-06	8.21783503011386e-06	5.08216161273929e-05
ccheques_emitidos_delta3	9.08906082140159e-06	1.59383212599513e-05	1.6940538709131e-05
ccallcenter_transacciones_lag2	8.78770353588699e-06	0.000116883708841452	3.38810774182619e-05
ctarjeta_visa_lag3	8.77235503843261e-06	2.71449939958527e-06	1.6940538709131e-05
ccajas_consultas_lag1	8.6984245994001e-06	0.000514550019194099	8.47026935456547e-05
mcheques_depositados_rank_delta1	8.57966680839416e-06	0.000518030933584464	8.47026935456547e-05
catm_trx_other_lag3	8.48991939072646e-06	1.86350460980366e-05	3.38810774182619e-05
vmr_mconsumosdolares_delta1	8.41164507271085e-06	7.89529828903055e-05	3.38810774182619e-05
vm_status05_lag3	8.27829925112821e-06	1.43748376913987e-05	6.77621548365238e-05
vm_status01_lag2	8.24197789178199e-06	7.10078668737149e-06	3.38810774182619e-05
ccuenta_debitos_automaticos_lag3	8.01445422287854e-06	9.69081520109672e-05	3.38810774182619e-05
active_quarter_delta2	7.99689926391615e-06	0.000112292863464538	3.38810774182619e-05
mcajeros_propios_descuentos_rank_lag1	7.99418859339656e-06	1.16780751953441e-05	3.38810774182619e-05
mtarjeta_master_descuentos_rank	7.98860504800574e-06	6.07092030930845e-05	3.38810774182619e-05
ccuenta_debitos_automaticos_delta1	7.91650056908368e-06	0.000314106100868792	5.08216161273929e-05
vm_status03_lag2	7.71402300273718e-06	9.43268111907548e-06	5.08216161273929e-05
ctransferencias_emitidas	7.57254159681269e-06	0.000411284599441218	6.77621548365238e-05
ccajeros_propios_descuentos_delta3	7.32510564667344e-06	2.07695374547767e-05	1.6940538709131e-05
ctarjeta_master_descuentos_lag1	7.27492233559111e-06	8.06656296751749e-06	1.6940538709131e-05
Master_mpagado_rank_delta3	7.25033944435993e-06	4.8466183042607e-06	1.6940538709131e-05
matm_other_rank	7.24020131510411e-06	6.82908443901879e-06	1.6940538709131e-05
mforex_sell_rank_lag1	7.23704065255613e-06	0.000138057316306599	3.38810774182619e-05
mpagodeservicios_rank_lag3	7.17049578137829e-06	0.000400911975408923	6.77621548365238e-05
mforex_sell_rank_lag2	7.05078593300222e-06	1.430001130644e-05	1.6940538709131e-05
cpagomiscuentas_lag1	7.03094483946921e-06	1.53424968700086e-05	1.6940538709131e-05
ccajas_extracciones_lag3	7.0039108404089e-06	0.000169738777571725	3.38810774182619e-05
cpagomiscuentas_delta1	6.99003790236482e-06	0.000289464796960497	5.08216161273929e-05
vmr_mpagado_delta1	6.96363789366131e-06	1.69339979677054e-05	1.6940538709131e-05
active_quarter_delta1	6.90463012100033e-06	0.000112452570912253	5.08216161273929e-05
Master_status_lag1	6.62535759213053e-06	9.90674223114933e-05	5.08216161273929e-05
mcheques_emitidos_rank_delta3	6.62399269967601e-06	0.000116823418432635	3.38810774182619e-05
mforex_sell_rank_delta2	6.58566031005602e-06	4.07595926034337e-05	1.6940538709131e-05
cforex_buy_delta1	6.54124579316699e-06	0.000418808134491723	6.77621548365238e-05
ccheques_emitidos_delta2	6.38736906295898e-06	0.000103454161494911	3.38810774182619e-05
mprestamos_hipotecarios_rank_delta3	6.27718836296347e-06	6.58886801878081e-05	1.6940538709131e-05
mcheques_depositados_rank_delta3	6.2126417493599e-06	0.000304548094027954	5.08216161273929e-05
ccheques_emitidos_rechazados_lag2	6.16850144357194e-06	1.8305049313239e-05	1.6940538709131e-05
cforex_lag3	6.09282275246088e-06	4.49249782434255e-05	1.6940538709131e-05
minversion1_pesos_rank_lag3	5.98263955151721e-06	1.39749100576487e-05	1.6940538709131e-05
catm_trx_other_delta1	5.68770059215908e-06	0.000104702033622931	1.6940538709131e-05
cforex_buy_delta2	5.64134176672021e-06	0.000201915855370541	3.38810774182619e-05
ccajeros_propios_descuentos_delta1	5.62914625033021e-06	3.11981212294219e-06	1.6940538709131e-05
ccajas_depositos_delta1	5.53554326380629e-06	9.70067029165721e-05	1.6940538709131e-05
cforex_delta3	5.44425740574617e-06	0.000145390829244119	3.38810774182619e-05
mtarjeta_visa_descuentos_rank_delta2	5.34005879509358e-06	2.35538170714371e-05	3.38810774182619e-05
Visa_madelantopesos_rank_delta3	5.33970562548654e-06	5.70100231127749e-06	3.38810774182619e-05
vmr_msaldodolares2_lag1	5.33653210091948e-06	1.08378505847765e-05	1.6940538709131e-05
mtarjeta_visa_descuentos_rank_lag2	5.32960268814402e-06	1.38011561873924e-05	1.6940538709131e-05
mv_status07_rank_lag1	5.29531960154254e-06	9.16276385846664e-05	5.08216161273929e-05
vm_cconsumos_delta1	5.24057429307032e-06	3.12225989094536e-06	1.6940538709131e-05
minversion2_rank_delta3	5.22563005602097e-06	3.40601268946755e-06	1.6940538709131e-05
ccaja_ahorro_lag1	5.18996760719351e-06	4.70360463432736e-05	1.6940538709131e-05
mcaja_ahorro_adicional_rank	5.09739179580388e-06	0.000302125104968563	5.08216161273929e-05
cextraccion_autoservicio_lag1	5.08748089555168e-06	1.53849374013868e-05	1.6940538709131e-05
mforex_buy_rank_delta1	5.03419774855323e-06	0.000209404067245862	3.38810774182619e-05
Master_madelantodolares_rank_lag2	4.99515321394666e-06	6.02889024979543e-06	3.38810774182619e-05
ctransferencias_recibidas_delta1	4.98838064634822e-06	0.000310221756653535	5.08216161273929e-05
Master_Finiciomora_lag2	4.90384556190978e-06	0.000198502650008941	3.38810774182619e-05
Visa_Finiciomora_lag3	4.87565808983345e-06	0.000101024281027141	1.6940538709131e-05
Visa_madelantopesos_rank_lag2	4.79822368845916e-06	1.27603652324414e-05	6.77621548365238e-05
ctarjeta_master	4.7209001326798e-06	5.94107186543528e-06	1.6940538709131e-05
vmr_mpagosdolares_delta3	4.51956844718528e-06	0.000154571013679174	3.38810774182619e-05
vmr_mpagosdolares_delta1	4.49344783011829e-06	0.000209404067245862	3.38810774182619e-05
ccheques_depositados_lag2	4.46315661404737e-06	0.000187551976148203	3.38810774182619e-05
vm_status04_lag2	4.40710304173239e-06	7.88433605417324e-06	5.08216161273929e-05
ctarjeta_visa_debitos_automaticos_delta2	4.29257596180562e-06	0.000168544040838359	3.38810774182619e-05
ctransferencias_emitidas_delta2	4.24233495027661e-06	0.000179158767955153	3.38810774182619e-05
minversion1_pesos_rank_lag2	4.21144091638123e-06	5.75753822055703e-05	1.6940538709131e-05
Master_cadelantosefectivo_delta2	4.19546441298172e-06	6.14152523591087e-06	3.38810774182619e-05
cpagomiscuentas_lag2	4.06258591142538e-06	8.90158324673067e-05	1.6940538709131e-05
ccheques_depositados_delta3	4.02604634435282e-06	3.09431767773986e-06	1.6940538709131e-05
mcheques_depositados_rank_lag1	3.92095543112706e-06	0.000104702033622931	1.6940538709131e-05
vm_status06_lag3	3.79846077698258e-06	9.87120817133705e-06	5.08216161273929e-05
vm_msaldodolares_rank_lag2	3.78893037812795e-06	2.85692183940092e-06	1.6940538709131e-05
vm_status02_lag2	3.73459406399834e-06	0.000104728657807211	3.38810774182619e-05
cforex_sell_lag3	3.6925202559414e-06	4.75158465298657e-05	1.6940538709131e-05
mcaja_ahorro_adicional_rank_lag3	3.67412328132762e-06	4.83043290906431e-05	1.6940538709131e-05
vm_status05_lag1	3.64799909147755e-06	3.73348639032342e-06	1.6940538709131e-05
Master_delinquency_delta1	3.58142697782876e-06	5.61378645442581e-06	3.38810774182619e-05
ccallcenter_transacciones_lag3	3.56968082823011e-06	3.24728058315689e-05	1.6940538709131e-05
ctransferencias_emitidas_lag1	3.48188754426571e-06	3.35660543377265e-06	1.6940538709131e-05
vm_mpagado_rank	3.47247969187058e-06	0.000171269461049035	3.38810774182619e-05
Master_status_lag3	3.40172072305486e-06	2.68919324422935e-06	1.6940538709131e-05
vmr_msaldodolares_delta1	3.34328392578918e-06	8.59928389833825e-05	1.6940538709131e-05
minversion1_pesos_rank_lag1	3.31489995064369e-06	0.000206711145862673	3.38810774182619e-05
ccajas_depositos_delta2	3.26613038982444e-06	9.13844057610891e-05	1.6940538709131e-05
minversion1_dolares_rank_lag2	3.20703959461674e-06	0.000189651370277574	3.38810774182619e-05
Visa_status_lag2	2.93304451294774e-06	5.6360046563008e-06	3.38810774182619e-05
mcaja_ahorro_adicional_rank_lag2	2.89527854342463e-06	7.2158807388809e-05	1.6940538709131e-05
ctarjeta_visa_descuentos_delta2	2.73117293527068e-06	5.41035810437712e-06	1.6940538709131e-05
catm_trx_lag1	2.61610707965608e-06	0.000209404067245862	3.38810774182619e-05
vm_status06_delta1	2.61468555858981e-06	9.67393313346865e-05	1.6940538709131e-05
minversion1_dolares_rank_lag3	2.56971967195261e-06	0.00018636330234789	3.38810774182619e-05
ctarjeta_visa_descuentos_lag3	2.5416450105019e-06	5.68304699152495e-05	1.6940538709131e-05
vm_mpagosdolares_rank	2.528167222266e-06	2.68437302416155e-06	1.6940538709131e-05
vm_mpagosdolares_rank_delta1	2.48730565950667e-06	8.06039082635255e-05	1.6940538709131e-05
ccajas_otras_lag2	2.47222601397875e-06	9.94588769021553e-05	1.6940538709131e-05
vm_status05_lag2	2.43759038300726e-06	3.92938314651618e-06	1.6940538709131e-05
cforex_delta2	2.33893941127558e-06	7.99295293496655e-05	1.6940538709131e-05
ctarjeta_master_debitos_automaticos_lag3	2.3129606336967e-06	8.91835987204476e-05	1.6940538709131e-05
mcajeros_propios_descuentos_rank_lag3	2.22642729168398e-06	9.33077865420474e-05	1.6940538709131e-05
mcaja_ahorro_adicional_rank_delta3	2.13080246721748e-06	9.41305001969e-05	1.6940538709131e-05
catm_trx_delta1	2.1146379461086e-06	2.83444003174097e-06	1.6940538709131e-05
mforex_sell_rank_delta1	1.91640439945823e-06	3.4162933150809e-06	1.6940538709131e-05
catm_trx_other_lag1	1.85844885607286e-06	0.000104702033622931	1.6940538709131e-05
ccajas_extracciones_delta1	1.85167843214426e-06	0.000104702033622931	1.6940538709131e-05
vm_status06_lag1	1.79712489280364e-06	3.31778006744532e-06	1.6940538709131e-05
ccheques_emitidos_lag1	1.66941504720346e-06	0.000104702033622931	1.6940538709131e-05
ctarjeta_master_debitos_automaticos_delta3	1.49921159153493e-06	2.58956908650002e-05	1.6940538709131e-05
vm_mpagosdolares_rank_lag2	1.44899228466311e-06	3.24555208236695e-06	1.6940538709131e-05
ctarjeta_debito_lag1	1.43660178363675e-06	9.94866308255144e-05	1.6940538709131e-05
ctarjeta_master_transacciones_delta1	1.40455186509678e-06	0.00010186759359119	1.6940538709131e-05
