Feature	Gain	Cover	Frequency
ctrx_quarter_normalizado	0.0683355037062445	0.00209484815768896	0.000948782677939109
mcaja_ahorro_rank	0.0475259952784836	0.00219614943918855	0.00127069108652559
ctrx_quarter	0.046235350506399	0.00231328040628812	0.00096572522575945
vm_status01	0.0424119790622586	0.00174756979296389	0.000728529556274673
mpasivos_margen_rank_lag1	0.0242931107551516	0.00315375577506768	0.00257526726869187
ctrx_quarter_lag2	0.0223644322077722	0.00106836487948615	0.00145705911254935
mpayroll_sobre_edad_rank	0.0221677932164975	0.00350913502789573	0.000999610321400132
mpayroll_rank	0.0213268370846969	0.00441471024842475	0.00133846127780696
ctrx_quarter_normalizado_lag2	0.0209347413109642	0.00266919785554782	0.00194839299933924
mtarjeta_visa_consumo_rank	0.0207998980189354	0.00176059224868773	0.00113515070396286
mprestamos_personales_rank	0.0197331168930733	0.00509288587817271	0.00189756535587822
mcuentas_saldo_rank	0.0180821712596856	0.00483326006264527	0.0027955203903563
vm_status06_delta2	0.016057000709331	0.00036899654138385	0.000101655286922047
cdescubierto_preacordado_delta3	0.0158757199821796	0.00282483912713957	0.00096572522575945
mcaja_ahorro_rank_lag1	0.0137086523659918	0.00198519545486081	0.001440116564729
vm_status04	0.0131591246732161	0.000527577897386497	0.000321908408586483
mpasivos_margen_rank	0.0116221365853716	0.00369538349139157	0.00289717567727835
foto_mes	0.0104113727436332	0.0082579902849235	0.00543855785032953
ctrx_quarter_normalizado_lag1	0.0103607194756531	0.00110714782196916	0.000864069938837402
mcuentas_saldo_rank_lag1	0.00972411748141301	0.00304314812378514	0.00167731223421378
mcuentas_saldo_rank_delta3	0.00829962817376741	0.0035145411681224	0.00589600664147875
mcuentas_saldo_rank_lag2	0.00720822194433305	0.00150182027208354	0.00235501414702743
cdescubierto_preacordado	0.00661684646706956	0.00380883527658767	0.0027955203903563
vm_msaldototal_rank	0.00636477259849372	0.00109326128456883	0.000897955034478085
vmr_msaldototal	0.00622275218416617	0.000526898561840258	0.000796299747556038
ctarjeta_visa_transacciones	0.00608308706690158	0.00202909879488065	0.000779357199735696
mcuentas_saldo_rank_delta2	0.00582794071851581	0.0026430615877789	0.00455754536367179
cdescubierto_preacordado_delta2	0.00572388455730519	0.0018614948536115	0.000542161530250919
mactivos_margen_rank	0.00547796130807319	0.00410498765396648	0.00411703912034292
mprestamos_personales_rank_lag2	0.00482585354130745	0.00195847964307544	0.00096572522575945
mpayroll_rank_lag1	0.0045643192357376	0.00198655721384213	0.000609931721532284
mautoservicio_rank	0.00450345356239493	0.00156885781174139	0.000796299747556038
vm_status06_delta3	0.00429868103298655	0.000822065714391112	0.000338850956406824
mprestamos_personales_rank_delta3	0.00416707816547896	0.0028516941575233	0.00138928892126798
thomebanking	0.00410439599265292	0.00203608943631458	0.00528607491994646
ccomisiones_mantenimiento_delta3	0.00396378620480522	0.00200202900559336	0.000592989173711943
Visa_msaldototal_rank	0.00387498048869815	0.00129631385088163	0.00182979516459685
mcuenta_corriente_rank	0.00364720549063907	0.00487045583026116	0.00381207325957678
vm_msaldopesos_rank	0.00363618686107465	0.000788526496712873	0.000728529556274673
mrentabilidad_annual_rank_lag2	0.00362384787189047	0.00278457716121342	0.00515053453738373
mpayroll_sobre_edad_rank_lag1	0.00356704250784002	0.0018444419497993	0.000576046625891602
ctarjeta_master_delta3	0.00353504010490652	0.00016552797619193	0.000118597834742389
mprestamos_personales_rank_delta2	0.00352192933909599	0.00556945896902159	0.0016434271385731
mcuenta_corriente_rank_lag1	0.00350681144400071	0.00305307369059618	0.00260915236433255
cproductos_delta2	0.00348356855194129	0.00234047838061972	0.00055910407807126
mcuenta_corriente_rank_delta2	0.00342420521726635	0.00168072234675601	0.00182979516459685
mrentabilidad_annual_rank_lag3	0.00327700877992357	0.00345252848973304	0.00509970689392271
mcomisiones_rank_lag3	0.00320222010232296	0.00204977688019868	0.00425257950290565
vm_mpagospesos_rank	0.00318711665821517	0.000228642767299244	0.000389678599867848
cpayroll_trx_lag2	0.00318625741293199	0.000816957442466589	0.000152482930383071
Visa_delinquency	0.00318349071567001	0.000995482192184882	0.000864069938837402
mpayroll_rank_lag3	0.00317858250662477	0.000717798967540588	0.000474391338969554
mcomisiones_rank_delta3	0.00317502752128918	0.0018531663655062	0.00455754536367179
ctrx_quarter_lag3	0.00277510862885649	0.00107490894440995	0.00174508242549515
Visa_mpagominimo_rank	0.00277322550999498	0.00219372714101716	0.00340545211188859
cpayroll_trx_lag3	0.00276789229074588	0.000512555619405528	0.00013554038256273
mprestamos_personales_rank_lag1	0.00269544685182045	0.00299934849164193	0.00137234637344764
mcomisiones_otras_rank_lag3	0.0025727044875285	0.00234659548842472	0.00430340714636667
mcomisiones_rank_lag2	0.00256341278605112	0.00192485916120048	0.00401538383342087
ctrx_quarter_normalizado_delta2	0.00255104707473702	0.00157980347393003	0.00211781847754265
tcallcenter	0.00253784763416371	0.00232319060896928	0.0017281398776748
mrentabilidad_annual_rank_delta3	0.00235000409444925	0.00291682831496471	0.00611625976314318
mprestamos_personales_rank_lag3	0.0023421610108353	0.00228932652279008	0.001440116564729
ctrx_quarter_delta2	0.00229754101987648	0.00209230151550572	0.00238889924266811
mcomisiones_mantenimiento_rank_delta3	0.00225737003412765	0.00221040802953772	0.00182979516459685
mrentabilidad_annual_rank_delta1	0.00225413897480444	0.00248486806308394	0.00594683428493977
mcuenta_corriente_rank_lag2	0.0021385789973586	0.00214611415443438	0.0025074970774105
mrentabilidad_annual_rank_delta2	0.00210630048334629	0.00277072794207951	0.00642122562390932
ctrx_quarter_normalizado_delta3	0.00208368325198051	0.00212458019670532	0.00301577351202074
mcomisiones_rank_delta2	0.00203716961283046	0.00224696855816639	0.00481168358097691
Visa_msaldopesos_rank	0.00199293719016388	0.0019844089093201	0.00243972688612914
mcomisiones_mantenimiento_rank_delta2	0.00197911064819826	0.00184668669436201	0.00123680599088491
mcuentas_saldo_rank_delta1	0.00195871152420839	0.0028041384475129	0.00340545211188859
mpasivos_margen_rank_delta3	0.00194049818371343	0.0017619219237508	0.00454060281585145
vm_Finiciomora_lag1	0.00192301649418815	0.00281345359141902	0.000813242295376379
mcomisiones_mantenimiento_rank	0.00189085111639732	0.0061429796816967	0.00284634803381733
mcuenta_debitos_automaticos_rank	0.00186542736658633	0.00305952504354022	0.00120292089524423
mactivos_margen_rank_delta2	0.00185069515308561	0.00339809462028851	0.00547244294597021
internet	0.0018406186859041	0.00261129474298421	0.000542161530250919
ctrx_quarter_delta1	0.00182713950227192	0.00155876689224835	0.0010673805126815
vm_Finiciomora	0.00182709075655607	0.00273807999456249	0.000643816817172967
vm_msaldopesos_rank_lag2	0.00182470290152886	0.000588911164915262	0.000626874269352625
Visa_mpagominimo_rank_lag1	0.00178701719701455	0.0014479203438092	0.00230418650356641
ctrx_quarter_delta3	0.00176590762669545	0.00192739081582565	0.00267692255561391
mprestamos_personales_rank_delta1	0.00174291940681887	0.00644165648352191	0.00184673771241719
Visa_status	0.00173934447523197	0.000956309158963312	0.000423563695508531
mtransferencias_recibidas_rank	0.00173851266516667	0.00299893742585353	0.00177896752113583
cproductos_delta3	0.00170965906731605	0.00160125530134721	0.000423563695508531
mcomisiones_otras_rank_lag2	0.00170955356576826	0.00184135443752457	0.00418480931162428
mcuenta_corriente_rank_delta3	0.00170498438370055	0.00290923455611899	0.00257526726869187
mrentabilidad_rank_delta1	0.00168065853755765	0.002663875502549	0.00476085593751588
mcuenta_corriente_rank_lag3	0.00167844585973976	0.00329662990662314	0.00306660115548176
cprestamos_personales_delta3	0.00167799267936263	0.00243479466926254	0.000440506243328872
cliente_vip_lag1	0.00165376060763432	0.0014631942094168	0.000508276434610237
mrentabilidad_annual_rank_lag1	0.00160671986462828	0.00169937263053139	0.00350710739881063
mtarjeta_visa_consumo_rank_delta3	0.00160591310986796	0.0019035977661479	0.00199922064280026
Visa_Finiciomora	0.00155317417125014	0.00419968028847676	0.000864069938837402
vm_mpagominimo_rank_lag1	0.00155209869994651	0.00152776388571419	0.00111820815614252
cliente_vip_delta1	0.00154593399624015	0.00161996399141041	0.00101655286922047
mactivos_margen_rank_delta1	0.00153676279281065	0.00237300492138502	0.00476085593751588
mpasivos_margen_rank_lag3	0.00153051042090019	0.00242310245345948	0.0030835437033021
mttarjeta_visa_debitos_automaticos_rank_delta3	0.00150370110019112	0.00251572710621492	0.00160954204293242
mcomisiones_otras_rank_delta1	0.00150353613176171	0.00316802893874591	0.00401538383342087
mpayroll_sobre_edad_rank_lag2	0.00147107929401383	0.00103031482106083	0.000508276434610237
ccaja_seguridad	0.00144966982708754	0.00397859399941399	0.000643816817172967
mactivos_margen_rank_delta3	0.001413416005612	0.00232633701707518	0.00471002829405486
mcomisiones_rank_delta1	0.00140441866956198	0.00281964831067418	0.00364264778137336
mcomisiones_otras_rank_delta3	0.00138216590090752	0.00194885925005968	0.00489639632007861
mrentabilidad_annual_rank	0.00138054623712526	0.00299234259904967	0.0038629009030378
tcallcenter_delta2	0.00137759774236471	0.00106948058644646	0.000779357199735696
Master_fechaalta_lag1	0.00137230171556722	0.00223077133847931	0.00435423478982769
ctarjeta_visa_transacciones_delta3	0.00136821414177985	0.00141921205291701	0.0010673805126815
mpasivos_margen_rank_delta1	0.00136640755761845	0.00274212983609909	0.00416786676380394
thomebanking_lag3	0.00135657587836735	0.00161394336130328	0.00499805160700066
ctrx_quarter_normalizado_delta1	0.00135490730955581	0.00110019069542637	0.000864069938837402
vm_mpagominimo_rank	0.00135271759148487	0.00218151864526183	0.00155871439947139
mcomisiones_rank	0.00134919003422778	0.0014758048838658	0.0030835437033021
cliente_edad_lag3	0.00134401750899168	0.00244621974502319	0.00325296918150552
mcomisiones_otras_rank_delta2	0.00133714984441931	0.00207148526599039	0.00432034969418701
cdescubierto_preacordado_lag1	0.00133586113098721	0.00199201780635261	0.00133846127780696
thomebanking_lag2	0.00132391182795141	0.0015287434243078	0.00448977517239042
mrentabilidad_rank_delta3	0.00131695260603332	0.0020433647660373	0.00457448791149213
ccaja_ahorro	0.00129431101668496	0.00240182964828103	0.000423563695508531
mrentabilidad_rank_delta2	0.0012804355232549	0.00258135558947205	0.00477779848533623
Master_fechaalta	0.00127341116641655	0.00173840045766281	0.0041509242159836
chomebanking_transacciones_delta2	0.00125762514320312	0.00323859789352877	0.00359182013791234
mpasivos_margen_rank_delta2	0.00125242089583558	0.00298038685829358	0.00448977517239042
chomebanking_transacciones	0.00122946389359982	0.00369492580601302	0.00343933720752927
Master_fechaalta_lag3	0.00122226349789889	0.00176876999509726	0.00396455618995985
Visa_fechaalta	0.00121924517374651	0.00229248731593914	0.00355793504227166
Master_mfinanciacion_limite_rank_delta3	0.00121670157829907	0.00267732815390922	0.00533690256340748
Visa_mpagospesos_rank_delta3	0.00120820027862467	0.00211717133461858	0.00404926892906155
Master_fechaalta_lag2	0.0012078549483032	0.00280106919897098	0.00432034969418701
vmr_mpagominimo	0.00119759422432118	0.000739095044856924	0.00111820815614252
thomebanking_lag1	0.0011936540214976	0.00124634461682303	0.00399844128560053
tcallcenter_delta3	0.00119129632516095	0.00114200986110352	0.000796299747556038
chomebanking_transacciones_delta1	0.00116438958599302	0.00327323711512282	0.00272775019907494
mrentabilidad_rank_lag2	0.00115243139535103	0.00202049736752707	0.00398149873778019
Master_mlimitecompra_rank_delta2	0.00114725504093602	0.00192766823627849	0.00515053453738373
internet_lag1	0.00113633478494464	0.00218817575704316	0.000406621147688189
Visa_fechaalta_lag1	0.00111675192740711	0.00162693972060065	0.00318519899022415
cliente_edad_lag2	0.00109649491753006	0.00239555803306217	0.00272775019907494
vm_fechaalta	0.00109587647207978	0.00226826380702474	0.00296494586855971
ccaja_seguridad_lag2	0.00109493394454247	0.000516172365702809	0.00013554038256273
Master_Fvencimiento_lag3	0.00109406680396866	0.00208505416506853	0.00445589007674974
vm_Finiciomora_delta1	0.00109232221568689	0.0015419420779818	0.000389678599867848
mpayroll_sobre_edad_rank_delta3	0.00108542884243563	0.00111080666899487	0.000643816817172967
Master_Fvencimiento_lag2	0.00108510123815729	0.00176182875988487	0.00435423478982769
chomebanking_transacciones_lag2	0.00106187545070524	0.00192865797996817	0.00372736052047507
vm_mpagospesos_rank_delta3	0.00104642772992265	0.000993602684621228	0.00152482930383071
mcuentas_saldo_rank_lag3	0.00104578955049542	0.00215171193205544	0.00313437134676313
Master_mlimitecompra_rank_delta3	0.00103904161424548	0.00222278489054955	0.00455754536367179
Master_status	0.00103762668785169	0.000851152008066734	0.000474391338969554
mpayroll_sobre_edad_rank_delta2	0.0010266047443229	0.00126323638555749	0.000711587008454331
mpayroll_rank_delta3	0.00102624631930968	0.00154520627775004	0.000847127391017061
ctarjeta_debito_transacciones_lag2	0.00101337955141682	0.00169227760339157	0.00103349541704081
Visa_mpagominimo_rank_lag2	0.0010110269346876	0.00130329161355964	0.0022194737644647
numero_de_cliente	0.00100362160714591	0.00366762815312317	0.00313437134676313
vm_status02	0.00100316658642797	0.00195268028656419	0.000813242295376379
mplazo_fijo_dolares_rank	0.00099773218694953	0.00304177589610749	0.000609931721532284
chomebanking_transacciones_lag3	0.000991032673872901	0.00153769875384894	0.00352404994663097
mcomisiones_rank_lag1	0.000983363309900344	0.00176412230815423	0.00345627975534961
Master_mfinanciacion_limite_rank_delta2	0.000979914854083786	0.00164178516045939	0.00457448791149213
cliente_edad_lag1	0.000975503965656642	0.00194090360570402	0.00233807159920709
mactivos_margen_rank_lag1	0.000974729288609385	0.00312743649339882	0.00252443962523084
cliente_edad	0.000972181333292792	0.00196832036825755	0.00240584179048845
chomebanking_transacciones_lag1	0.000969128883888108	0.0015915380164046	0.00247361198176982
mrentabilidad_rank	0.000968693261287123	0.00222604619071485	0.00276163529471562
mcomisiones_mantenimiento_rank_lag3	0.00096402773309983	0.00194498982407752	0.00177896752113583
ccajas_transacciones_delta1	0.000958952939998225	0.00203084959019945	0.000813242295376379
mtransferencias_emitidas_rank	0.000957915165486556	0.00437777646181746	0.0022194737644647
Master_Fvencimiento	0.000948166538558816	0.00134767338806479	0.00359182013791234
Visa_mfinanciacion_limite_rank_delta3	0.000943505724301756	0.00160273613233503	0.00382901580739712
Master_Fvencimiento_lag1	0.000942066836337331	0.00147945288562336	0.00391372854649882
ccaja_ahorro_delta2	0.000934574410763138	0.00177433214902504	0.000355793504227166
mcomisiones_mantenimiento_rank_lag1	0.000927027118073523	0.00123658361189321	0.00127069108652559
Visa_mlimitecompra_rank_delta3	0.000915233179055775	0.00164905133948711	0.00377818816393609
cmobile_app_trx_lag3	0.000901866133149706	0.00193839759561915	0.00182979516459685
Visa_mfinanciacion_limite_rank_delta2	0.000899368579681865	0.00204429233772106	0.00384595835521746
vm_Fvencimiento	0.000895314459512223	0.00165821148643601	0.00304965860766142
internet_lag3	0.00089456708755873	0.000691501677665469	0.000762414651915355
mactivos_margen_rank_lag2	0.000894165373969904	0.00213452658793747	0.00291411822509869
Visa_mfinanciacion_limite_rank_delta1	0.000887677041521041	0.00219300095993769	0.00410009657252258
mrentabilidad_rank_lag3	0.000883816003711305	0.00254887679801233	0.00318519899022415
vm_fechaalta_lag1	0.00088181626644551	0.00120195677951173	0.00247361198176982
Visa_mpagospesos_rank	0.000878925169061054	0.00107676800412429	0.00252443962523084
ccomisiones_otras	0.00086846871610532	0.0014505638402621	0.000677701912813649
Visa_mconsumospesos_rank	0.000867892531640704	0.00170549941623192	0.00272775019907494
Visa_mpagominimo_rank_lag3	0.00086591210473206	0.000982275743474403	0.00233807159920709
mpagomiscuentas_rank	0.00086087431116537	0.00212312339099901	0.000762414651915355
Master_mfinanciacion_limite_rank_delta1	0.000860505636005827	0.00232234520525459	0.00384595835521746
Visa_mconsumospesos_rank_lag1	0.000853515364432859	0.00127580846139591	0.00316825644240381
mcomisiones_otras_rank_lag1	0.00085206793239237	0.00134656084430769	0.00303271605984108
chomebanking_transacciones_delta3	0.000847077370987804	0.00172183174988463	0.00288023312945801
mcomisiones_otras_rank	0.000843804983618491	0.00137231455277428	0.00321908408586483
Visa_mlimitecompra_rank_delta2	0.000839234291812347	0.00142530762081444	0.0036595903291937
vm_fechaalta_lag3	0.000835122884237336	0.00133707307988361	0.00267692255561391
Visa_fechaalta_lag2	0.000829510873945061	0.00139104312582908	0.00247361198176982
Visa_mlimitecompra_rank_lag2	0.000828029687677916	0.000797673275362497	0.00235501414702743
cpayroll_trx_lag1	0.000827742444502477	0.000209399684179684	3.38850956406824e-05
mpasivos_margen_rank_lag2	0.000819169755825394	0.00205792306989049	0.00265998000779357
mcaja_ahorro_rank_lag2	0.000817141496120335	0.0012968237667703	0.00147400166036969
Master_mlimitecompra_rank_delta1	0.000806199420372922	0.00133022964037042	0.00401538383342087
mactivos_margen_rank_lag3	0.000804684482950355	0.00259281316337995	0.00293106077291903
Visa_fechaalta_lag3	0.000800760764097099	0.00170964501997994	0.00282940548599698
Visa_mlimitecompra_rank_delta1	0.000800578469605555	0.00231056460804759	0.00333768192060722
Visa_cconsumos_delta3	0.000800181717824479	0.000878018523890686	0.00145705911254935
Visa_Fvencimiento_lag2	0.000795216828174764	0.00138247995817145	0.00304965860766142
ctarjeta_visa_transacciones_delta2	0.000794686587658768	0.00204800627720264	0.00101655286922047
mrentabilidad_rank_lag1	0.000794501352767615	0.00128151416449788	0.00262609491215289
Visa_msaldopesos_rank_delta3	0.000790866510110723	0.00105028770034924	0.00205004828626129
Visa_Fvencimiento	0.000789777122177558	0.00159408462093065	0.00289717567727835
Visa_mpagospesos_rank_lag3	0.000789404199733287	0.00153213554552009	0.00294800332073937
Visa_mconsumototal_rank	0.000787980634896263	0.00144142869768143	0.00282940548599698
Visa_Fvencimiento_lag3	0.000781330694143555	0.00119345021059723	0.00289717567727835
Master_mfinanciacion_limite_rank	0.000780607172462333	0.00141540897888787	0.00303271605984108
mcaja_ahorro_dolares_rank	0.000778695019520156	0.00434673892364827	0.00157565694729173
ccomisiones_mantenimiento_delta2	0.000776243202999079	0.000310835062901017	0.000101655286922047
mplazo_fijo_dolares_rank_delta3	0.000775916386636463	0.00203440902226717	0.000457448791149213
cdescubierto_preacordado_delta1	0.000772007114676285	0.00313585343822241	0.000677701912813649
mpayroll_rank_delta1	0.000768400728609421	0.00349311020278353	0.000931840130118767
Visa_mconsumospesos_rank_delta3	0.00076688810395344	0.00134182398515992	0.00286329058163767
vm_Fvencimiento_lag3	0.000765760294058172	0.00107850972406246	0.00264303745997323
mtarjeta_visa_consumo_rank_delta2	0.00076050957721453	0.00127768239569677	0.00166036968639344
ccomisiones_mantenimiento_delta1	0.000760026351935204	0.00278720269519097	0.000457448791149213
Visa_mfinanciacion_limite_rank_lag1	0.000759970000875237	0.00138767435206905	0.00269386510343425
Visa_mpagospesos_rank_delta1	0.000757033791281952	0.00143650321371375	0.00345627975534961
vm_fechaalta_lag2	0.000755127667490808	0.00147289127245319	0.00235501414702743
ccaja_seguridad_lag3	0.000745161265342763	0.000482521984026096	0.00013554038256273
vm_mfinanciacion_limite_rank_delta3	0.000742674897285372	0.00236855229863985	0.00233807159920709
Visa_Fvencimiento_lag1	0.00073337341833573	0.00108564003598093	0.00259220981651221
vm_mlimitecompra_rank_delta3	0.000729562376483699	0.00182175541872967	0.00247361198176982
mcaja_ahorro_rank_delta1	0.000728859608502067	0.00276231498891711	0.00225335886010538
vm_Fvencimiento_lag1	0.000726946591003201	0.00190440302730759	0.00282940548599698
Visa_cconsumos_delta2	0.000726650777623993	0.000646432546634517	0.00133846127780696
Visa_mfinanciacion_limite_rank	0.000721652712891299	0.00112282247295474	0.00257526726869187
Visa_mconsumototal_rank_delta3	0.000718658164095393	0.00123824116803172	0.00282940548599698
Visa_mconsumototal_rank_lag2	0.000717581339040184	0.00137862190465796	0.00277857784253596
mpayroll_rank_delta2	0.000704364684052169	0.00195145266246178	0.000711587008454331
Master_mlimitecompra_rank_lag2	0.000704313253435863	0.00102785817954032	0.00289717567727835
Master_mfinanciacion_limite_rank_lag3	0.000703013926594679	0.00106078633414157	0.00291411822509869
Visa_mpagospesos_rank_lag1	0.00070152621676444	0.000851053911110085	0.00247361198176982
Master_mfinanciacion_limite_rank_lag2	0.000701272119250421	0.00106014593612055	0.00291411822509869
Visa_mconsumototal_rank_lag1	0.000696866532502678	0.000994216797929879	0.00259220981651221
Visa_cconsumos_lag1	0.000694713399208086	0.00171284727368535	0.00228724395574607
Master_mlimitecompra_rank_lag3	0.000693530799345273	0.0010172150174871	0.00284634803381733
cliente_antiguedad_lag3	0.000693443460947098	0.0013696214994711	0.00188062280805788
vm_status05_delta2	0.000691103989938269	0.000840952899492517	0.00027108076512546
Visa_mconsumototal_rank_lag3	0.000683771492309178	0.000932422229933185	0.00249055452959016
Visa_mpagospesos_rank_delta2	0.000682311590844486	0.00127295604290251	0.00313437134676313
cliente_antiguedad	0.000676158091132253	0.00168397487279812	0.00220253121664436
Master_mpagospesos_rank	0.000671595879812159	0.00133854129571578	0.00108432306050184
Visa_mlimitecompra_rank	0.000671054678288433	0.00103203372074728	0.00240584179048845
Visa_mpagominimo_rank_delta2	0.000665012449826356	0.0014835968701126	0.00225335886010538
Master_delinquency	0.000664842634739725	0.00107757499751431	0.000372736052047507
Master_mfinanciacion_limite_rank_lag1	0.000664487948651596	0.00102117847345036	0.00293106077291903
mcaja_ahorro_dolares_rank_delta2	0.000654454244132066	0.00149905710110924	0.000897955034478085
Master_mlimitecompra_rank_lag1	0.000652353028145183	0.000984286862885846	0.00294800332073937
Visa_mfinanciacion_limite_rank_lag3	0.000649946200184904	0.00118279575138969	0.00220253121664436
Master_mlimitecompra_rank	0.00064068095241532	0.00111314510462404	0.00276163529471562
Visa_mconsumototal_rank_delta2	0.000639958525320719	0.00102755481328974	0.00291411822509869
Visa_mconsumospesos_rank_delta2	0.000636453975160047	0.000799445572931687	0.00233807159920709
Visa_mlimitecompra_rank_lag3	0.000635070305134257	0.00102838967299374	0.00240584179048845
mcaja_ahorro_rank_delta3	0.000632714221922338	0.0026706586905725	0.00213476102536299
mcaja_ahorro_rank_delta2	0.000631488254955953	0.00242499615778039	0.00194839299933924
mautoservicio_rank_lag3	0.000628968392881069	0.00277212031634903	0.00227030140792572
vm_mpagominimo_rank_lag2	0.000625998642267591	0.000819158391727732	0.000982667773579791
vm_Fvencimiento_lag2	0.000617397696740825	0.00108183790338132	0.00255832472087152
Visa_mconsumospesos_rank_lag3	0.000614740818561006	0.00110511802459592	0.00284634803381733
cliente_antiguedad_lag2	0.000612136293526273	0.0015317355886001	0.0017281398776748
vmr_mpagominimo_delta1	0.000612025306093477	0.00108500656688122	0.000745472104095014
cdescubierto_preacordado_lag3	0.000604989918728951	0.00157458140200436	0.00128763363434593
Master_msaldopesos_rank	0.000596472324345797	0.00121018340494226	0.00116903579960354
thomebanking_delta3	0.00059609958074216	0.000923836656252829	0.000948782677939109
mcaja_ahorro_dolares_rank_delta3	0.000587171260726465	0.00192968884529956	0.0010673805126815
Visa_mfinanciacion_limite_rank_lag2	0.0005863667277272	0.000962301960413644	0.00211781847754265
vmr_msaldopesos_delta3	0.000583987345940421	0.000851700334280081	0.00096572522575945
Visa_delinquency_delta2	0.000581331854847699	0.000786483218068809	0.000321908408586483
vmr_msaldopesos2_delta3	0.000575175396463959	0.00150599709363466	0.00181285261677651
Visa_cconsumos	0.000574933765232341	0.00116602474923487	0.00215170357318334
vmr_Master_mlimitecompra	0.000573242176761617	0.000957126696364024	0.00199922064280026
ccajas_consultas_delta3	0.00057287563751443	0.00108513215358004	0.000304965860766142
vm_mpagominimo_rank_lag3	0.000564489461115904	0.000976159388813028	0.00133846127780696
Visa_delinquency_lag1	0.000562159831553282	0.000886856061769483	0.000576046625891602
Visa_mconsumosdolares_rank_lag3	0.000558294267139148	0.00101596073210051	0.00211781847754265
Visa_mlimitecompra_rank_lag1	0.00055786429304529	0.00128168938336133	0.00220253121664436
ctrx_quarter_normalizado_lag3	0.000557231564868905	0.00145244752777286	0.00182979516459685
mpayroll_rank_lag2	0.000555656814845215	0.00124132589367505	0.000440506243328872
mpayroll_sobre_edad_rank_lag3	0.000555281902519313	0.00102376341298672	0.00055910407807126
Visa_cconsumos_lag3	0.000554207779247091	0.000905957666859818	0.00208393338190197
vmr_mpagominimo_delta2	0.000553775008738589	0.00114308222464843	0.00111820815614252
active_quarter_lag1	0.000547609283967615	0.000326422914084257	0.000576046625891602
Visa_mconsumosdolares_rank	0.00054369150598855	0.00124641198551993	0.00189756535587822
Visa_mconsumototal_rank_delta1	0.000541210528810571	0.00108750760621819	0.00233807159920709
cliente_antiguedad_lag1	0.000530056216652724	0.00135094767995756	0.0016434271385731
Visa_mconsumospesos_rank_lag2	0.00052784567476746	0.00120613307386231	0.00233807159920709
mtarjeta_visa_consumo_rank_lag3	0.000526333680684214	0.00087802722269951	0.00118597834742389
vmr_mpagominimo_lag1	0.000525854064301971	0.000733899709529801	0.00118597834742389
Visa_mconsumospesos_rank_delta1	0.00052360688282415	0.00081663136893583	0.00238889924266811
Visa_mpagominimo_rank_delta3	0.000523574722708179	0.000838755640635118	0.00177896752113583
vm_mfinanciacion_limite_rank_delta1	0.00052159445857001	0.00120418314737008	0.0019314504515189
vmr_Master_mlimitecompra_lag1	0.000516897236074914	0.000966084435964751	0.00194839299933924
ccaja_ahorro_lag2	0.00051562356125581	0.000521725783164588	0.000203310573844095
vmr_Visa_mlimitecompra	0.000515082492622717	0.00100535285482593	0.00196533554715958
mttarjeta_visa_debitos_automaticos_rank_delta2	0.00051415134354675	0.00128081340201562	0.000813242295376379
mcuenta_corriente_rank_delta1	0.000513036455955274	0.00161054860408832	0.00128763363434593
mcomisiones_mantenimiento_rank_delta1	0.000507860134963149	0.00182139462527798	0.00103349541704081
mcaja_ahorro_rank_lag3	0.000502126330609367	0.00136953850304406	0.00160954204293242
Master_msaldototal_rank	0.000500752381713272	0.00202025839505609	0.00113515070396286
Visa_cconsumos_lag2	0.000500628098051917	0.00103018731384578	0.0016434271385731
cprestamos_personales_delta2	0.000500210421969144	0.0018818827903495	0.000338850956406824
Visa_msaldototal_rank_lag1	0.000500091957226441	0.00121672426900568	0.00171119732985446
Visa_Finiciomora_lag1	0.000496793629698392	0.00188973879380409	0.000440506243328872
ccaja_ahorro_delta3	0.000493343870272619	0.00249413557065603	0.000508276434610237
mcomisiones_mantenimiento_rank_lag2	0.000490846109691092	0.00110000459363759	0.00113515070396286
vmr_mpagominimo_delta3	0.000490406464190537	0.000843785322022778	0.00103349541704081
Visa_msaldototal_rank_delta3	0.00048846548543048	0.000775815164618909	0.00177896752113583
mtransferencias_emitidas_rank_lag1	0.000482663198056972	0.00135283358924199	0.00116903579960354
cmobile_app_trx_lag2	0.000481141005983436	0.00203602575802142	0.00108432306050184
Visa_msaldopesos_rank_lag1	0.0004727189123087	0.000866248094122572	0.0013554038256273
internet_lag2	0.000467871924431681	0.000472986432639255	0.000237195669484777
mautoservicio_rank_lag2	0.000466909274805444	0.00126598682840459	0.00189756535587822
Visa_mconsumosdolares_rank_lag2	0.000464101893443109	0.00099546212090738	0.00191450790369856
mtransferencias_recibidas_rank_lag1	0.00046324227734317	0.00205245505891534	0.001440116564729
cproductos	0.000457910828025871	0.000666504501966286	0.000118597834742389
Visa_mconsumosdolares_rank_lag1	0.000457137562379235	0.000757609423865882	0.00177896752113583
Visa_msaldopesos_rank_delta1	0.000456750748886842	0.000834359578975895	0.00147400166036969
Visa_msaldototal_rank_delta2	0.000454262409713114	0.000661157408199511	0.00154177185165105
thomebanking_delta2	0.000453747595588504	0.00118378605993708	0.000881012486657744
Visa_msaldopesos_rank_delta2	0.000452213251984728	0.000713232356508365	0.00182979516459685
mtransferencias_emitidas_rank_lag3	0.000450890469883827	0.00313798400621216	0.00181285261677651
Visa_msaldototal_rank_lag3	0.000450571046745155	0.00081168302705925	0.00159259949511208
Visa_status_delta3	0.000450002672870122	0.00117306841197973	0.000457448791149213
vmr_msaldopesos	0.000449785882325218	0.000869040148154741	0.000881012486657744
mtransferencias_recibidas_rank_lag3	0.000444285559968689	0.00118108283919502	0.00145705911254935
Master_mpagominimo_rank	0.000443146802047996	0.000610903561166494	0.000881012486657744
Visa_msaldopesos_rank_lag3	0.0004427970712689	0.000812639180543427	0.00147400166036969
vm_mlimitecompra_rank_delta2	0.000440158445262364	0.00119145449297283	0.00176202497331549
mtransferencias_recibidas_rank_lag2	0.000432857087386375	0.000964297979295484	0.00149094420819003
vmr_mconsumototal	0.0004325653835283	0.000400345127868555	0.000677701912813649
cdescubierto_preacordado_lag2	0.000431755216825403	0.000917046012107477	0.00083018484319672
Visa_mpagospesos_rank_lag2	0.000429631180127244	0.000565072625362791	0.00186368026023753
mcaja_ahorro_dolares_rank_lag3	0.000424146785308964	0.00137933547058178	0.00133846127780696
ccajas_transacciones_delta3	0.000423595447234459	0.00112667499086261	0.000576046625891602
vm_status01_delta3	0.00042353869758533	0.00113856042566166	0.000491333886789896
mtarjeta_master_consumo_rank	0.000422171497351045	0.000444341518782783	0.000169425478203412
mcuenta_debitos_automaticos_rank_delta3	0.00041827676364034	0.0012684613570861	0.00069464446063399
mttarjeta_visa_debitos_automaticos_rank_lag3	0.000415685659397472	0.000866438262886901	0.00113515070396286
vmr_mpagominimo_lag3	0.00041344438995744	0.000616807830584165	0.0011520932517832
vmr_Visa_mlimitecompra_lag1	0.000410666223209021	0.000843541793032893	0.00157565694729173
vmr_Master_mlimitecompra_lag3	0.000407475247701482	0.00104682489660812	0.00167731223421378
Master_fultimo_cierre_lag3	0.000407380082229789	0.000914626161652859	0.00166036968639344
Master_msaldototal_rank_delta3	0.000406791967578456	0.000498306895237798	0.000660759364993308
mextraccion_autoservicio_rank_lag3	0.000402980617236954	0.000797890444325644	0.00121986344306457
vmr_Visa_mlimitecompra_lag3	0.000401273307948162	0.000817684452004044	0.00150788675601037
vmr_Visa_mlimitecompra_lag2	0.000400878789374223	0.000795039230862037	0.00145705911254935
tcallcenter_delta1	0.000400179872599382	0.000896985015015394	0.00055910407807126
mtarjeta_visa_consumo_rank_lag2	0.000399576714593169	0.00154164737288286	0.00154177185165105
vm_status01_delta2	0.000399383368439688	0.000288173837457061	0.000220253121664436
vm_msaldopesos_rank_delta3	0.000397204453600587	0.000894751416978276	0.00116903579960354
mpagomiscuentas_rank_delta2	0.000395614123417456	0.00137327209957415	0.00055910407807126
mtarjeta_visa_consumo_rank_lag1	0.00039344032295974	0.000262340785309993	0.000406621147688189
Visa_msaldototal_rank_lag2	0.000384988368448763	0.000635267794966497	0.00137234637344764
vmr_mpagospesos	0.000384964197038901	0.00106054461269638	0.000864069938837402
Visa_cconsumos_delta1	0.00038444714004507	0.000439317260029195	0.000864069938837402
Visa_mpagominimo_rank_delta1	0.000381234997635222	0.000824987873983827	0.0013554038256273
Visa_delinquency_delta3	0.000379418407040085	0.000205309587116536	0.000186368026023753
Master_mpagominimo_rank_lag1	0.000377563820898432	0.000763261013598671	0.000931840130118767
vmr_Master_mlimitecompra_lag2	0.000377269298019015	0.000830335306665232	0.00140623146908832
vm_status04_delta3	0.000375995991533111	0.000757661014203928	0.000304965860766142
ccaja_ahorro_lag3	0.000375572312077121	0.000660937189004699	0.000321908408586483
ccajas_transacciones	0.000375239631996231	0.000565402163354207	0.000576046625891602
vmr_mpagominimo_lag2	0.000374850747287294	0.000687859926999966	0.00103349541704081
mtarjeta_visa_consumo_rank_delta1	0.000373464037968821	0.00139702225772269	0.000881012486657744
tcallcenter_lag1	0.000372607977395366	0.00126051128599324	0.0010673805126815
vm_mfinanciacion_limite_rank	0.00037244831057533	0.000594045533266256	0.0010673805126815
Master_fultimo_cierre_lag1	0.000372441788808067	0.000664976524187784	0.00149094420819003
Visa_msaldopesos_rank_lag2	0.000372100860329191	0.000535706727117833	0.0011520932517832
vm_mfinanciacion_limite_rank_delta2	0.000371932217368907	0.000876952938638362	0.0016434271385731
ctrx_quarter_lag1	0.000370755282589593	0.00112881075554334	0.000948782677939109
ctarjeta_visa_transacciones_lag3	0.000370270715647653	0.00104086715399335	0.00137234637344764
Master_fultimo_cierre	0.000365900756421053	0.00105461142256366	0.00140623146908832
Master_msaldototal_rank_lag3	0.00036581922901828	0.000364545500240287	0.000914897582298426
mtransferencias_emitidas_rank_delta3	0.000362904104413664	0.000992999981438437	0.000864069938837402
Visa_msaldototal_rank_delta1	0.000361956216041118	0.000882446066953271	0.00142317401690866
Master_fultimo_cierre_lag2	0.00035782735319052	0.000789720229352328	0.0013554038256273
tcallcenter_lag2	0.000353788323224975	0.00103764008420562	0.000982667773579791
vmr_msaldopesos2_lag2	0.000353189374613359	0.00115921806313039	0.00137234637344764
cpayroll_trx	0.000350845931188585	0.00167519747343747	0.00027108076512546
vmr_msaldototal_lag3	0.000350014776633697	0.000619857685677839	0.00103349541704081
Visa_mpagosdolares_rank	0.000347374357835287	0.00014629558771179	0.000525218982430578
vm_mpagominimo_rank_delta3	0.000346662684949953	0.000931820279894015	0.00123680599088491
cmobile_app_trx_delta3	0.000345670287061067	0.00178613217733747	0.00116903579960354
mcaja_ahorro_dolares_rank_delta1	0.000343914747524745	0.00110458220056668	0.000660759364993308
mtransferencias_recibidas_rank_delta3	0.000343897528007737	0.00152223505839164	0.0013554038256273
Master_msaldopesos_rank_lag3	0.000342886681156359	0.000522463374369919	0.00096572522575945
mtransferencias_recibidas_rank_delta2	0.000340735615053781	0.000941096825189557	0.00103349541704081
vm_mlimitecompra_rank_lag3	0.000340423184369181	0.000485899720195219	0.00105043796486116
vm_fultimo_cierre_delta1	0.000340119552896509	0.000310895766276878	0.000576046625891602
ccajas_transacciones_delta2	0.000337517209461417	0.000638482400227289	0.000440506243328872
ccomisiones_mantenimiento	0.000333643150497396	0.00217392360607196	0.000355793504227166
ccomisiones_otras_delta3	0.000332270738431921	0.00134213021335626	0.00105043796486116
mautoservicio_rank_delta2	0.000328724607936997	0.000852995364736575	0.00108432306050184
Visa_mconsumosdolares_rank_delta3	0.000327930606282484	0.00110847719577478	0.00142317401690866
vm_mlimitecompra_rank_delta1	0.000327181525062876	0.000661736161415151	0.00133846127780696
vm_fultimo_cierre_lag2	0.000325726169547415	0.00120507810793505	0.00121986344306457
mtransferencias_emitidas_rank_delta2	0.000324785031603615	0.0018343147664409	0.000931840130118767
vm_mfinanciacion_limite_rank_lag3	0.000324624925375988	0.000497198569084976	0.0011520932517832
mtransferencias_emitidas_rank_delta1	0.000324157418848648	0.00165525343954974	0.000931840130118767
ccomisiones_otras_delta2	0.00032397927121097	0.000697380001285393	0.000728529556274673
vm_mlimitecompra_rank	0.000322702854696283	0.000483691691384037	0.00105043796486116
vmr_msaldopesos2_delta2	0.000320687353999098	0.000985151095191066	0.0011520932517832
vm_mfinanciacion_limite_rank_lag2	0.000318798809008911	0.000463796687146047	0.0010673805126815
vm_mconsumototal_rank_delta3	0.00031705077630736	0.000400618406031474	0.000660759364993308
mtransferencias_emitidas_rank_lag2	0.000315235805669853	0.0012948648402118	0.00105043796486116
ctarjeta_visa_transacciones_lag2	0.00031183744013512	0.000684514387720645	0.0010673805126815
Visa_Fvencimiento_delta3	0.000310938564764983	0.000278686675547877	0.000423563695508531
vmr_mpagospesos_lag3	0.000310882650478979	0.000942355704752237	0.00108432306050184
vm_status05	0.000310262698990836	0.000115906769800643	0.000118597834742389
mcuenta_debitos_automaticos_rank_delta2	0.000309055900375406	0.00179933150884073	0.000711587008454331
ccajas_consultas_delta2	0.000308972449166532	0.00130337754724681	0.000321908408586483
ccajas_transacciones_lag2	0.000308458429066603	0.000752524273450527	0.00105043796486116
mcuenta_debitos_automaticos_rank_lag3	0.000307951625799089	0.000936424359821387	0.000948782677939109
ccallcenter_transacciones_delta2	0.000307312556776138	0.00107058104224844	0.000389678599867848
vmr_msaldopesos2_lag3	0.000305152660909317	0.000543464897216041	0.00116903579960354
vm_mconsumospesos_rank_delta3	0.000304169826012262	0.000691784633723919	0.00110126560832218
ccajas_transacciones_lag1	0.000302876807155212	0.00113508990219842	0.00096572522575945
vm_fultimo_cierre_lag1	0.0003000870279552	0.00176121140805865	0.00130457618216627
vm_msaldototal_rank_delta3	0.000299333068787965	0.000599869366945193	0.000897955034478085
Master_mconsumototal_rank_lag3	0.000297678258951765	0.00099567085466197	0.000914897582298426
Master_mpagospesos_rank_lag3	0.000296653421846707	0.000795691001351743	0.000897955034478085
vmr_msaldopesos2	0.000294538875746379	0.000731674245443791	0.000999610321400132
vm_mlimitecompra_rank_lag2	0.000292448471521264	0.000738286959408657	0.00110126560832218
mcuenta_debitos_automaticos_rank_lag1	0.000288495578365588	0.000946214549066524	0.000542161530250919
matm_rank_lag3	0.000288445214854881	0.000915434962587566	0.00096572522575945
vmr_msaldopesos_lag3	0.000286116043901111	0.000533082172226998	0.00101655286922047
Master_mpagospesos_rank_lag2	0.000285772741126061	0.00120856305409863	0.000931840130118767
cprestamos_personales_lag3	0.000285209740164041	0.00307295818848065	0.000728529556274673
vmr_msaldototal_lag2	0.00028226878527184	0.000499326463414872	0.000864069938837402
matm_rank_lag2	0.000282124081212938	0.00125010163611974	0.00103349541704081
Visa_fultimo_cierre_lag2	0.00028074127720044	0.000461361434904377	0.00103349541704081
mextraccion_autoservicio_rank_lag2	0.000280487990943047	0.000664125999096467	0.000897955034478085
mextraccion_autoservicio_rank_delta3	0.000279242126753948	0.00175236505839948	0.00103349541704081
vmr_msaldototal_lag1	0.000278753255011038	0.000682393497626426	0.000897955034478085
Visa_fultimo_cierre_lag3	0.000277603908524306	0.000718151288126541	0.000999610321400132
vmr_msaldopesos_lag2	0.000274942155644163	0.000414592308091862	0.000813242295376379
ccajas_consultas	0.000274755353068131	0.00114599783189164	0.000186368026023753
Master_mpagominimo_rank_lag2	0.000273740288923784	0.000510701568096267	0.000948782677939109
mautoservicio_rank_delta3	0.000273196365966998	0.000733374843740252	0.00101655286922047
active_quarter_lag2	0.000273050121579951	0.000243674610204201	0.000626874269352625
Master_mpagospesos_rank_lag1	0.000271646490730184	0.000957193010659863	0.000847127391017061
ccajas_transacciones_lag3	0.000271037966484207	0.000638502509161972	0.000931840130118767
thomebanking_delta1	0.000267663453047391	0.000740291036927243	0.000592989173711943
vm_msaldopesos_rank_delta2	0.000267269696877043	0.00119911784228914	0.00083018484319672
vm_msaldopesos_rank_lag3	0.00026688645034499	0.000683131314774844	0.00069464446063399
Master_fechaalta_delta3	0.0002651362425398	0.000251174941583723	0.00069464446063399
ccomisiones_otras_lag1	0.00026185843270254	0.000435547964491458	0.000542161530250919
Master_mpagominimo_rank_lag3	0.000260174521611109	0.000546688464885923	0.0011520932517832
Master_msaldopesos_rank_lag2	0.000259391599735709	0.000410163559999483	0.000626874269352625
mpayroll_sobre_edad_rank_delta1	0.00025851667514903	0.000866270575459662	0.000372736052047507
Visa_fultimo_cierre_delta1	0.000258207184252407	0.000430848009381118	0.00069464446063399
vm_fultimo_cierre	0.000257820735699133	0.000760391649373795	0.000982667773579791
Master_Fvencimiento_delta3	0.000257804868110855	0.000330858440469225	0.000813242295376379
vmr_msaldopesos_lag1	0.000257235524714264	0.000445999790407737	0.000881012486657744
mextraccion_autoservicio_rank_delta2	0.000256648629349939	0.000924927208216192	0.000847127391017061
vm_msaldototal_rank_lag1	0.000252853868365788	0.000842764850073358	0.000779357199735696
ccomisiones_otras_lag3	0.000252730707214022	0.000471966902119362	0.000660759364993308
vmr_mpagospesos_delta3	0.000252360146333931	0.00048478258226203	0.000711587008454331
vmr_mconsumospesos_delta3	0.0002514325289523	0.00105378300223762	0.000779357199735696
tcuentas_lag2	0.000251290807367386	0.00100043256754924	0.000355793504227166
vmr_mconsumototal_delta3	0.000246141044463819	0.000642670707218629	0.000711587008454331
mcaja_ahorro_dolares_rank_lag2	0.000242037825844257	0.000954410446237319	0.000847127391017061
ccomisiones_otras_lag2	0.000241116791702164	0.00137192905621181	0.000881012486657744
mttarjeta_visa_debitos_automaticos_rank	0.000238630727424746	0.000677256116700947	0.000779357199735696
Visa_mconsumosdolares_rank_delta1	0.000238013856637624	0.000399599816941107	0.000796299747556038
vm_mpagominimo_rank_delta2	0.000237667173185242	0.00103539131032454	0.000762414651915355
vm_fultimo_cierre_lag3	0.000237078474684995	0.0004126476159478	0.000982667773579791
mttarjeta_visa_debitos_automaticos_rank_lag2	0.00023529510245435	0.000645821558871893	0.000881012486657744
vmr_mconsumototal_lag1	0.000232653200974041	0.000362797529210059	0.000745472104095014
active_quarter_lag3	0.000232045425617627	0.000345934342276017	0.000576046625891602
Master_cconsumos	0.000231513311837691	0.000443062530285418	0.000542161530250919
vmr_mconsumototal_lag2	0.000231159674255828	0.000372133798794754	0.000864069938837402
mttarjeta_visa_debitos_automaticos_rank_lag1	0.000228276503564223	0.000666371760403066	0.000728529556274673
ctarjeta_debito_transacciones_delta2	0.000227535304148377	0.0016954307144757	0.000626874269352625
vmr_mconsumospesos_lag3	0.000227173902946081	0.000584179276515388	0.000914897582298426
Visa_fultimo_cierre	0.000227097896101611	0.000507893321476244	0.000999610321400132
vm_status04_delta2	0.000224875757744749	0.0017876813561089	0.000440506243328872
mpagomiscuentas_rank_lag3	0.000224838154063538	0.000769344041654812	0.00069464446063399
mttarjeta_visa_debitos_automaticos_rank_delta1	0.000223182956144728	0.0015111260016944	0.000660759364993308
vm_mconsumototal_rank_delta1	0.000222620805296383	0.000495194604537934	0.000592989173711943
ctarjeta_debito_transacciones_delta1	0.000222578715133053	0.00290150195524672	0.000508276434610237
ccaja_ahorro_lag1	0.00022257290795669	0.000123763601713216	6.77701912813649e-05
vm_msaldototal_rank_lag3	0.000221870691655695	0.00037710051737569	0.000728529556274673
Master_madelantodolares_rank	0.000221399008525209	0.000165337807427601	0.000372736052047507
vm_msaldototal_rank_delta2	0.000220582620870095	0.000473861849127249	0.000711587008454331
vmr_msaldopesos_delta2	0.000220203868167478	0.000442287357213394	0.000728529556274673
vm_mpagospesos_rank_delta2	0.000219287674622751	0.000452319154932181	0.00083018484319672
vm_mfinanciacion_limite_rank_lag1	0.000218265166404763	0.000329278495780866	0.000677701912813649
ctarjeta_visa_debitos_automaticos_delta3	0.000217766573344841	0.000387312843620457	0.00013554038256273
Master_msaldototal_rank_lag1	0.00021764118716095	0.000703876919418513	0.000847127391017061
Visa_mpagado_rank_delta2	0.000215956256656843	0.00220762418477102	0.000711587008454331
mpagomiscuentas_rank_lag2	0.000212422655238861	0.000843528537705161	0.000609931721532284
cproductos_delta1	0.000211570329853589	0.000758134779198785	0.00013554038256273
tcallcenter_lag3	0.000211024043288906	0.000710332828881464	0.00069464446063399
Master_mpagominimo_rank_delta3	0.00021060836692892	0.000881690739215662	0.000745472104095014
ctarjeta_debito_transacciones_lag3	0.000209305026399644	0.000504426300130838	0.00069464446063399
cextraccion_autoservicio_lag3	0.000208567131777993	0.000943954101459314	0.000474391338969554
vm_status01_delta1	0.000207853810610954	0.000318448516452429	0.000220253121664436
mplazo_fijo_dolares_rank_lag3	0.000205072756087302	0.000914467210691624	0.00027108076512546
Master_fultimo_cierre_delta1	0.000203240215207427	0.000476591392238867	0.000813242295376379
Visa_mconsumosdolares_rank_delta2	0.000202601508285877	0.000554722549149724	0.000948782677939109
mtransferencias_recibidas_rank_delta1	0.000200808235234986	0.000730383206648489	0.000796299747556038
vmr_msaldototal_delta3	0.000199872165832917	0.000468187702743008	0.000762414651915355
Master_status_delta3	0.000199859581310011	7.29480978247583e-05	8.47127391017061e-05
Master_msaldopesos_rank_delta3	0.000198351946177154	0.000969665483254392	0.000813242295376379
mprestamos_prendarios_rank_lag1	0.000197036199708394	0.00409781264297409	0.000677701912813649
Master_cconsumos_lag3	0.000195674561829365	0.000451598208200876	0.000745472104095014
vmr_mconsumototal_lag3	0.000193032704444142	0.000571861989163988	0.000914897582298426
Master_mconsumospesos_rank_lag2	0.000192762054765209	0.000588462780860436	0.000609931721532284
vm_mlimitecompra_rank_lag1	0.000191057806173612	0.000280818938110775	0.000762414651915355
vm_status03	0.000190633501479941	0.00011330902682272	0.000372736052047507
vmr_mpagospesos_delta2	0.00018990560506963	0.000568777075234751	0.000745472104095014
minversion2_rank	0.000188871222871342	0.00168350762249559	0.000321908408586483
ctarjeta_debito_transacciones_delta3	0.000188641208586937	0.00170586664906157	0.000779357199735696
vmr_msaldopesos2_lag1	0.000188527196206619	0.000651898448807522	0.000728529556274673
Master_msaldopesos_rank_delta2	0.000187588699740772	0.000483889240955854	0.000677701912813649
ctarjeta_debito_delta2	0.000187041992198299	0.00149632145753429	0.00027108076512546
Visa_fechaalta_delta3	0.000186762073772492	0.000198018253091872	0.000474391338969554
vmr_mconsumospesos_lag2	0.000186029889101062	0.000384375847098406	0.00083018484319672
Master_msaldopesos_rank_delta1	0.000184966132954902	0.00103329482208365	0.000677701912813649
cplazo_fijo	0.000184958937549366	0.00104699842089842	0.000169425478203412
vm_Finiciomora_lag2	0.000184597085241925	0.00113926408774686	0.00027108076512546
vm_mpagospesos_rank_delta1	0.000184567861226294	0.00097529670045223	0.000813242295376379
Master_msaldopesos_rank_lag1	0.000184304680402822	0.000712397534461549	0.000779357199735696
vm_status05_delta3	0.000182924505365536	0.000481637567471829	0.000237195669484777
Master_msaldototal_rank_delta2	0.000179611055336507	0.000606262614858868	0.000677701912813649
Master_msaldototal_rank_lag2	0.000177450844597445	0.000419461118002053	0.00069464446063399
vmr_mconsumospesos	0.000176974329943306	0.00053689161031974	0.00069464446063399
vmr_mconsumospesos_lag1	0.000176232872412404	0.000510697275177627	0.000711587008454331
Master_mconsumosdolares_rank_lag3	0.000175740492935016	0.000252291175744566	0.000660759364993308
Master_mconsumospesos_rank_lag3	0.000174980775797195	0.000508578682171452	0.000728529556274673
Visa_status_delta2	0.00017291430946698	0.000570712691998178	0.000203310573844095
Master_fultimo_cierre_delta2	0.000171522953043075	0.000286218751931029	0.000728529556274673
Master_mpagominimo_rank_delta2	0.000170817589747456	0.000752175718582678	0.000677701912813649
Master_cconsumos_lag2	0.000170400648262205	0.000369534323586502	0.000576046625891602
vm_status03_delta3	0.000170269336830451	0.00052314278523052	0.000169425478203412
Visa_fultimo_cierre_lag1	0.000169658155002812	0.000262351479949413	0.00069464446063399
Master_mconsumototal_rank_lag2	0.000169037797348935	0.000605539935897234	0.000609931721532284
Master_mconsumototal_rank	0.000168225624615966	0.000715468891805606	0.000609931721532284
mtarjeta_master_consumo_rank_delta3	0.000167442310870043	0.000525444354479443	0.000406621147688189
mpagomiscuentas_rank_delta3	0.000167378309094536	0.00142869654116634	0.000576046625891602
vmr_mpagospesos_delta1	0.000167089401421851	0.000946922880642176	0.00069464446063399
mcaja_ahorro_dolares_rank_lag1	0.00016598553244652	0.000875408278728652	0.000609931721532284
vm_cconsumos_lag3	0.000165644028125853	0.00200374888436652	0.000609931721532284
vm_mconsumospesos_rank_delta2	0.000165337782087434	0.000694931380744448	0.000457448791149213
Master_mconsumospesos_rank_lag1	0.000164466576239252	0.0004425280619147	0.000592989173711943
mv_status07_rank_delta3	0.000164450925267525	0.00151425086989274	0.000389678599867848
Visa_Finiciomora_delta1	0.000164415724349149	0.000457165106933472	0.000101655286922047
vmr_msaldototal_delta2	0.000162825956040078	0.000429412894211098	0.000592989173711943
vm_msaldototal_rank_delta1	0.000160471173814931	0.000496225017983152	0.000592989173711943
Master_mconsumospesos_rank	0.000159404695353555	0.000783262700630591	0.000626874269352625
mautoservicio_rank_delta1	0.00015931795304423	0.000962275788672811	0.000525218982430578
vmr_msaldototal_delta1	0.000159212876399507	0.000589896013171403	0.000660759364993308
vmr_mconsumosdolares_lag3	0.000158668463087581	0.000699005172248199	0.000457448791149213
mplazo_fijo_dolares_rank_delta2	0.000158127633980383	0.000458245039571778	0.000152482930383071
vm_msaldopesos_rank_delta1	0.000157679964135876	0.000413569915626209	0.000508276434610237
cplazo_fijo_delta3	0.000157368984853957	0.000301101660684912	5.08276434610237e-05
vm_cconsumos_delta2	0.000155978878883049	0.000417472592899244	0.000186368026023753
vm_mpagominimo_rank_delta1	0.000154229607821659	0.000910518365714615	0.000542161530250919
vm_Finiciomora_lag3	0.000154193640679866	0.00123065787788234	0.000321908408586483
ccajas_depositos	0.000151627634727139	0.00209399684179684	0.000338850956406824
Visa_fultimo_cierre_delta2	0.000151300031877273	0.000232288848540568	0.00055910407807126
vm_mconsumototal_rank_delta2	0.000151262703122159	0.000390982874828932	0.000626874269352625
mprestamos_prendarios_rank_lag2	0.000151028914575711	0.000808834750855765	0.000152482930383071
active_quarter	0.000149530536302061	0.000611578415508187	0.00055910407807126
vm_cconsumos_delta3	0.000148981421031444	0.000467494772954408	0.000254138217305118
vm_mconsumosdolares_rank_lag2	0.000148954438461979	0.00133100594315788	0.000576046625891602
vm_mconsumospesos_rank_lag2	0.000147595436066744	0.00052322521679985	0.000542161530250919
vm_mconsumospesos_rank_lag3	0.000146663989469164	0.000360295322500473	0.000576046625891602
Master_mconsumototal_rank_delta1	0.000146601039936837	0.00075381143355618	0.000592989173711943
vmr_mpagospesos_lag1	0.000146545711987992	0.000252039889375383	0.000508276434610237
tcuentas_lag3	0.000145908465133254	0.000392778105621384	0.000169425478203412
Visa_delinquency_lag2	0.00014529079342146	0.000161981083965506	0.000203310573844095
Visa_delinquency_lag3	0.000144517895464994	6.77667333118072e-05	0.000169425478203412
Visa_mpagosdolares_rank_lag3	0.000144493767546329	0.000324441506188666	0.000592989173711943
Master_cconsumos_delta1	0.000144469641282768	0.000152884577652591	0.000288023312945801
Master_mpagominimo_rank_delta1	0.000143698691830348	0.000625478735436792	0.000508276434610237
vmr_msaldopesos_delta1	0.000143225404854329	0.000462651908841964	0.000643816817172967
Master_msaldototal_rank_delta1	0.000142739914219302	0.00059339662472231	0.000440506243328872
ccallcenter_transacciones_delta3	0.000142049966020108	0.000741514368111007	0.000288023312945801
mcuenta_debitos_automaticos_rank_lag2	0.000141845502864374	0.000788616836290225	0.000576046625891602
vm_mconsumosdolares_rank_lag3	0.000140633051623454	0.000442646418434757	0.000457448791149213
vm_msaldopesos_rank_lag1	0.000140619271187682	0.000932162018812093	0.000474391338969554
Visa_fechaalta_delta2	0.00014058991555778	0.000330940759067012	0.000372736052047507
ctransferencias_recibidas_lag2	0.000138698955610952	0.00188314735614652	0.000440506243328872
Master_mpagospesos_rank_delta3	0.000138314973049936	0.000680453324344091	0.000576046625891602
Master_mconsumototal_rank_delta3	0.000135848661021313	0.000387579456462329	0.000474391338969554
Master_mconsumototal_rank_lag1	0.000135737476586478	0.000325582895346455	0.000491333886789896
Master_mconsumospesos_rank_delta3	0.00013552721499959	0.000389224886988543	0.000508276434610237
mextraccion_autoservicio_rank_lag1	0.000135111008917046	0.000615978732428868	0.000508276434610237
matm_rank_delta2	0.000134779076529124	0.000830604291909511	0.000542161530250919
vm_mconsumospesos_rank_lag1	0.000134678588278395	0.000228876015878701	0.000304965860766142
mextraccion_autoservicio_rank	0.000134463944760481	0.000421872420276572	0.000338850956406824
Master_cconsumos_lag1	0.000133784923039613	0.000465969581807304	0.000508276434610237
cprestamos_personales_delta1	0.000132027471719056	0.00187357008060307	0.000304965860766142
Master_mpagosdolares_rank_lag2	0.000130968278488922	0.000145607327413641	0.000389678599867848
ccajas_consultas_delta1	0.000128827806113399	0.000836364070723472	0.00013554038256273
ctransferencias_recibidas_delta2	0.00012853449154894	0.00186720658186243	0.000372736052047507
cproductos_lag3	0.000126977844599085	0.00180210718199914	0.000508276434610237
matm_other_rank_delta3	0.000126563429427902	0.000606154237491791	0.000372736052047507
vm_cconsumos_lag2	0.000124696112678101	0.000745175173310124	0.00027108076512546
ccomisiones_otras_delta1	0.000124191788084516	0.00108954448314148	0.000474391338969554
vm_mconsumototal_rank_lag2	0.000123247676713312	0.000308342985973135	0.000440506243328872
Master_cconsumos_delta2	0.000123011045337201	0.000547735485147987	0.000406621147688189
matm_other_rank_lag2	0.00012229335807445	0.000380683033295392	0.000355793504227166
mplazo_fijo_dolares_rank_lag2	0.000122259402777957	0.000569642173655136	0.000186368026023753
Master_fultimo_cierre_delta3	0.000118628366584935	0.000221335090058001	0.000423563695508531
Master_mpagosdolares_rank	0.000118277348137128	0.000137931136998591	0.000355793504227166
vmr_msaldopesos2_delta1	0.000118102310617699	0.000291267826766932	0.000491333886789896
cinversion1	0.000117702781401904	0.000628199052539051	0.000101655286922047
Master_fechaalta_delta2	0.000116333843219568	0.000251540065611236	0.000457448791149213
ctransferencias_recibidas_delta3	0.000116324730846416	0.00165809271568696	0.000321908408586483
tcuentas_lag1	0.000116142504586596	0.00227256455835871	0.000457448791149213
mtarjeta_master_consumo_rank_lag3	0.000115936556596211	0.000417629171458072	0.000525218982430578
cseguro_vida_lag3	0.000115039628035876	0.000963419211318376	0.000220253121664436
vm_mconsumototal_rank	0.000113016867551868	0.000292742632605785	0.000372736052047507
vmr_mconsumospesos_delta2	0.000112122395271242	0.000445437531037399	0.000423563695508531
mautoservicio_rank_lag1	0.000111878842129064	0.000573239187589545	0.000474391338969554
Master_mpagospesos_rank_delta1	0.00011093084829959	0.000216198010389971	0.000457448791149213
vm_mpagospesos_rank_lag1	0.0001106672895422	0.000535338967087646	0.000389678599867848
vm_fultimo_cierre_delta2	0.000110369246570944	0.000158712252363995	0.000406621147688189
ctarjeta_visa_descuentos_delta1	0.000110148554097371	5.31502114567096e-05	0.000101655286922047
Master_delinquency_lag2	0.000109900252977918	0.0007486140270841	0.00027108076512546
vm_mpagospesos_rank_lag2	0.000109063113546712	0.000210739074795461	0.000406621147688189
cmobile_app_trx_delta2	0.00010901575605031	0.000747576609403205	0.000321908408586483
cpagomiscuentas_delta3	0.000108517963747314	0.000663475132379106	0.000169425478203412
vm_mconsumospesos_rank_delta1	0.000108418563425137	0.000298950607188667	0.000423563695508531
ctarjeta_visa	0.000108122099154145	0.000169578683843694	8.47127391017061e-05
internet_delta3	0.000107746134987656	0.00119441506289023	0.000372736052047507
vm_status02_delta1	0.000107136461630217	2.89707614441446e-05	0.000101655286922047
vmr_mconsumosdolares_lag2	0.000106943204419259	0.000575491802503096	0.000406621147688189
Visa_fultimo_cierre_delta3	0.000106683419387121	0.000162592523614302	0.000304965860766142
Master_Fvencimiento_delta2	0.000106639001935909	0.000248221752473818	0.000406621147688189
vm_mpagospesos_rank_lag3	0.00010635632246211	0.000276352871751971	0.000440506243328872
Master_mconsumosdolares_rank_delta3	0.000105881344711282	9.5371216912901e-05	0.00027108076512546
cpagomiscuentas_delta2	0.00010526755267093	0.00118421365722797	0.000237195669484777
vm_Fvencimiento_delta3	0.000105160815320043	0.000212457033052388	0.00027108076512546
mpagomiscuentas_rank_lag1	0.00010449376449249	0.00114193285216826	0.000457448791149213
vm_mconsumototal_rank_lag3	0.000104065097404723	0.000274103984899344	0.000474391338969554
ctarjeta_debito_delta3	0.000103850030761858	0.00130587113046194	0.000254138217305118
tcuentas_delta3	0.000103548903840881	4.46248892660418e-06	1.69425478203412e-05
vm_status06	0.000103124159907366	0.000141515347491441	0.000203310573844095
vmr_mpagospesos_lag2	0.000102348940221035	0.000218745895260177	0.000491333886789896
vm_mconsumosdolares_rank_lag1	0.000101764458029642	0.00127935588082287	0.000440506243328872
ctarjeta_visa_transacciones_lag1	0.000100716507427749	0.000300856286493155	0.000304965860766142
cseguro_accidentes_personales	9.85604636575643e-05	0.000463105113015965	0.000288023312945801
ctarjeta_visa_delta3	9.84897511981594e-05	0.000571296641904804	0.000152482930383071
mtarjeta_master_descuentos_rank_lag2	9.81618632231808e-05	0.00041317959894457	0.000254138217305118
vm_mpagado_rank_delta2	9.80203296938011e-05	0.00103593715116394	0.00027108076512546
Master_mconsumospesos_rank_delta1	9.65239390651564e-05	0.000467858127094411	0.000423563695508531
active_quarter_delta3	9.58692000151228e-05	0.000354562167313518	0.000152482930383071
cseguro_accidentes_personales_lag3	9.56356740485942e-05	0.000476188159144126	0.000220253121664436
catm_trx_lag3	9.52470462832786e-05	0.000776518186532032	0.000288023312945801
vm_fultimo_cierre_delta3	9.4540380018679e-05	0.000117392684507907	0.000338850956406824
vm_mconsumototal_rank_lag1	9.32385011693816e-05	0.000123908770146185	0.000237195669484777
Master_delinquency_delta2	9.29846830981854e-05	0.000464189602173178	0.000169425478203412
matm_rank_lag1	9.24003321072872e-05	0.000864933255988843	0.000406621147688189
matm_other_rank_lag3	9.1766019275622e-05	0.000273255794553253	0.000321908408586483
Master_mpagospesos_rank_delta2	9.02843490417004e-05	0.000298567746628877	0.000406621147688189
vm_fechaalta_delta2	8.99281936002165e-05	9.48166019503175e-05	0.00013554038256273
ccajas_extracciones	8.96868092026699e-05	0.00177989731552731	0.000288023312945801
vmr_mconsumosdolares_lag1	8.91050346682039e-05	0.000485010408207415	0.000321908408586483
vm_mconsumospesos_rank	8.90970421402598e-05	0.000351397909703797	0.000406621147688189
cprestamos_personales	8.90343143834031e-05	0.000817607443068786	0.000169425478203412
Visa_msaldodolares_rank_lag3	8.84129572483596e-05	0.000761317526484404	0.000338850956406824
Visa_mpagado_rank_lag2	8.76855957495795e-05	0.000256487428401109	0.000254138217305118
vmr_msaldodolares_delta3	8.76538553393177e-05	0.000368624337806299	0.000118597834742389
vmr_mconsumototal_delta2	8.76464698205513e-05	0.000257103801140623	0.000321908408586483
mtarjeta_master_consumo_rank_delta1	8.64329648155456e-05	0.00146700071024942	0.000338850956406824
mtarjeta_master_consumo_rank_delta2	8.60302641979436e-05	0.00062686809713183	0.000321908408586483
Visa_mpagado_rank_delta1	8.56571208644654e-05	0.000270629620403633	0.000254138217305118
matm_rank_delta1	8.54019517815568e-05	0.000719933790791797	0.000338850956406824
ctarjeta_debito_lag2	8.53846643605767e-05	0.00172794019653798	0.000372736052047507
mv_status07_rank_delta1	8.52760289191993e-05	0.0023858072708856	0.000474391338969554
Master_mpagado_rank_lag2	8.35620693997199e-05	0.000480806021599765	0.00027108076512546
Master_fechaalta_delta1	8.30530942339318e-05	0.000127206447148384	0.000338850956406824
Master_mconsumosdolares_rank	8.24909055250958e-05	0.000118819741041181	0.000321908408586483
ccajeros_propios_descuentos_delta2	8.23718287967213e-05	0.000107865267072175	6.77701912813649e-05
vm_status02_delta2	8.21101902053219e-05	0.000215233798269049	0.000169425478203412
cprestamos_personales_lag2	8.15076361410283e-05	0.00113917246782536	0.000254138217305118
matm_rank_delta3	8.12766199375333e-05	0.000468154865681128	0.000338850956406824
cmobile_app_trx	8.10335179005013e-05	0.000937503125087081	0.000220253121664436
mextraccion_autoservicio_rank_delta1	8.05710147731533e-05	0.000658620707512078	0.000338850956406824
vm_msaldototal_rank_lag2	7.98693262544429e-05	0.000153707537687375	0.00027108076512546
mprestamos_prendarios_rank_lag3	7.9724229287409e-05	0.000464486905617611	0.000101655286922047
cextraccion_autoservicio_delta2	7.94706257534016e-05	0.00083150667093914	0.000304965860766142
Visa_msaldodolares_rank_lag2	7.93326048902604e-05	0.000362727675139201	0.00027108076512546
Master_cadelantosefectivo_lag2	7.8834288626116e-05	4.30596685354755e-05	0.000203310573844095
cmobile_app_trx_delta1	7.82006760856204e-05	0.00171776240192824	0.000338850956406824
Visa_mpagosdolares_rank_delta1	7.79715838951137e-05	9.80214916583967e-05	0.000372736052047507
mprestamos_prendarios_rank	7.78494557151971e-05	0.000209399684179684	3.38850956406824e-05
mplazo_fijo_dolares_rank_delta1	7.68655489821169e-05	0.000948485352398525	0.000169425478203412
ccajas_extracciones_lag2	7.68464655502681e-05	0.000848111416639599	0.000237195669484777
Visa_mpagado_rank_delta3	7.67892363684735e-05	0.000501127380441664	0.000288023312945801
Master_mpagosdolares_rank_lag1	7.66274670303087e-05	9.28089093423506e-05	0.000406621147688189
vmr_msaldodolares2_lag3	7.56081590442399e-05	0.00107013171676408	0.000288023312945801
cseguro_vida_delta2	7.54159103727848e-05	0.00208728844093491	0.000355793504227166
Master_mpagosdolares_rank_delta2	7.51125783899582e-05	3.71663573574916e-05	0.00013554038256273
mtarjeta_master_consumo_rank_lag2	7.49497031910912e-05	0.000338592321685652	0.000321908408586483
vmr_mconsumosdolares	7.45653868136098e-05	0.000522743882711601	0.000203310573844095
Visa_mpagado_rank_lag3	7.40030326838973e-05	0.000164437725486015	0.000254138217305118
vm_fechaalta_delta3	7.39062595028982e-05	9.92029103996467e-05	0.000220253121664436
mforex_sell_rank_delta3	7.38406270479342e-05	0.000940242270779867	0.00027108076512546
Master_mconsumospesos_rank_delta2	7.37525264858192e-05	0.000245055612005044	0.00027108076512546
vmr_mpagado_delta2	7.29205541644629e-05	0.000683944860514364	0.000220253121664436
ccomisiones_mantenimiento_lag3	7.25754076657152e-05	0.000820565000411693	0.000220253121664436
ctarjeta_debito_delta1	7.1111248520989e-05	0.0022762005851327	0.000372736052047507
ccajas_extracciones_delta2	7.08371990918939e-05	0.00127759521932263	0.000254138217305118
vm_status03_lag1	7.02771181796242e-05	3.23049659119679e-06	1.69425478203412e-05
mplazo_fijo_pesos_rank_delta2	6.96702960733129e-05	2.72412047754527e-06	1.69425478203412e-05
mforex_sell_rank_lag3	6.88256273753723e-05	0.000742623711007717	0.000254138217305118
mcheques_emitidos_rank_lag2	6.87260488388161e-05	0.000628628909260798	0.000186368026023753
Visa_mpagosdolares_rank_lag2	6.76181985904999e-05	0.000196177268824437	0.000406621147688189
vm_mconsumosdolares_rank_delta2	6.73155510991754e-05	0.000593630890045656	0.000254138217305118
Master_madelantopesos_rank	6.72637962893513e-05	0.000119057131910554	0.00013554038256273
Master_Fvencimiento_delta1	6.71662260139022e-05	7.36879861181342e-05	0.000288023312945801
mpagomiscuentas_rank_delta1	6.69052012198411e-05	0.000589686601587554	0.000203310573844095
vm_status01_lag2	6.63922878920389e-05	1.60808966547977e-05	6.77701912813649e-05
Master_status_delta2	6.58494909116123e-05	3.39955473982675e-05	0.00013554038256273
vmr_mpagado_lag1	6.58257204058203e-05	0.000689867958522563	0.000237195669484777
Master_delinquency_lag1	6.56579242322296e-05	9.59240619879748e-05	0.000118597834742389
ctarjeta_visa_transacciones_delta1	6.54713704585004e-05	0.00184598713690954	0.000338850956406824
ccajas_otras_lag3	6.45537911448888e-05	0.000707978313635977	0.000152482930383071
ccallcenter_transacciones_delta1	6.44217613087874e-05	0.00106109595148421	0.000203310573844095
Visa_mpagosdolares_rank_delta3	6.43138487519994e-05	7.03990079247584e-05	0.000288023312945801
mcheques_emitidos_rank_lag3	6.41831855770047e-05	0.000217928244887922	8.47127391017061e-05
Visa_madelantopesos_rank_lag3	6.36299585821773e-05	5.24396957645569e-05	0.000254138217305118
mcheques_depositados_rank_lag3	6.34035388245305e-05	0.000616501338787555	0.000169425478203412
ccajeros_propios_descuentos_delta1	6.28432754035598e-05	3.91436606203468e-05	3.38850956406824e-05
Master_madelantodolares_rank_lag3	6.25074207951773e-05	6.60039630094244e-05	0.000254138217305118
Visa_mpagosdolares_rank_lag1	6.22553381166873e-05	5.89211367962635e-05	0.000237195669484777
cextraccion_autoservicio_delta3	6.16087282189116e-05	0.000289611588629755	0.000186368026023753
mplazo_fijo_dolares_rank_lag1	6.1603390018338e-05	0.000432040988876952	0.000101655286922047
Master_mconsumosdolares_rank_lag2	6.08123017596132e-05	6.25147615843773e-05	0.000237195669484777
Visa_mpagado_rank	6.06935682191686e-05	0.000287681093242952	0.000237195669484777
vmr_mconsumospesos_delta1	6.00622787637946e-05	0.000306194154250572	0.000254138217305118
vmr_msaldodolares2_delta3	5.97286949964395e-05	0.00121311603323131	0.000288023312945801
catm_trx_lag2	5.93142062849852e-05	0.00083969914130646	0.000237195669484777
ctarjeta_master_transacciones_lag3	5.92995825069239e-05	0.000219932510692413	0.000152482930383071
vm_status06_lag3	5.91368105115831e-05	2.8725500223931e-05	0.000101655286922047
ctarjeta_master_delta1	5.91160839199027e-05	0.00037890422103388	8.47127391017061e-05
Visa_status_lag3	5.87040326389895e-05	0.000939646308232485	0.000169425478203412
Master_mpagado_rank_delta2	5.86799672563942e-05	0.000732194253456985	0.000203310573844095
Master_mpagosdolares_rank_lag3	5.85209492145304e-05	0.000106592492009685	0.000288023312945801
Master_mconsumototal_rank_delta2	5.82340233957358e-05	0.000285830205136899	0.000304965860766142
cseguro_vida_lag2	5.797745852211e-05	0.000502180425852696	0.000101655286922047
cextraccion_autoservicio_lag2	5.76169693041633e-05	0.000402010253100461	0.000203310573844095
Master_mconsumosdolares_rank_lag1	5.75298100373835e-05	7.34856917415048e-05	0.000254138217305118
Visa_msaldodolares_rank_lag1	5.75081109158825e-05	0.000165373016891887	0.000169425478203412
Master_mpagado_rank_delta1	5.72882742649731e-05	0.000861842128624732	0.000237195669484777
mcheques_depositados_rank	5.59649726517126e-05	0.000418799368359367	6.77701912813649e-05
ctarjeta_debito_transacciones_lag1	5.57279247872706e-05	0.000577895949913213	0.000254138217305118
vm_status02_delta3	5.55225392412854e-05	3.99183441490178e-05	0.000152482930383071
Master_cadelantosefectivo_lag3	5.53178274223395e-05	8.42239005197101e-05	0.00027108076512546
Visa_madelantopesos_rank	5.47323129112137e-05	0.000108182152250756	0.000220253121664436
vmr_msaldodolares2_delta2	5.46122963524942e-05	0.000754316830583125	0.000186368026023753
Visa_mpagado_rank_lag1	5.39514305569408e-05	0.000184053049840308	0.000169425478203412
mcajeros_propios_descuentos_rank_delta1	5.39127220718336e-05	6.07358740085028e-05	6.77701912813649e-05
mcuenta_debitos_automaticos_rank_delta1	5.37271092914951e-05	0.000531419042825688	0.000237195669484777
vmr_Visa_mlimitecompra_delta3	5.36991102187404e-05	0.000788995102673926	0.000186368026023753
Master_mpagado_rank_lag1	5.35462356537587e-05	0.000562242951806748	0.000220253121664436
Visa_madelantopesos_rank_lag2	5.32178184930122e-05	4.15223894332522e-05	0.000186368026023753
vm_Fvencimiento_delta2	5.22139442344641e-05	0.000149037670664699	0.000186368026023753
cplazo_fijo_delta1	5.15204785379184e-05	0.000942298578808576	0.000152482930383071
ctransferencias_recibidas_lag3	5.09449738511148e-05	0.0004655748215783	0.000186368026023753
cproductos_lag2	5.05897414205466e-05	8.09483282827901e-05	6.77701912813649e-05
vm_Finiciomora_delta2	5.03737455936773e-05	0.00101053704362746	0.000169425478203412
mv_status07_rank_delta2	5.00457040966737e-05	0.000609801184848279	0.000169425478203412
vm_cconsumos_lag1	4.98897414651805e-05	0.000227867820170305	0.000186368026023753
mttarjeta_master_debitos_automaticos_rank_delta3	4.97037433588737e-05	0.00095830867996299	0.000203310573844095
matm_other_rank_lag1	4.94312076784162e-05	0.000145279521652554	0.000169425478203412
matm_other_rank_delta2	4.90772628288405e-05	9.84484111200214e-05	0.000101655286922047
mttarjeta_master_debitos_automaticos_rank_delta2	4.89394174066614e-05	0.000956122755917088	0.000220253121664436
ccaja_ahorro_delta1	4.81220815338539e-05	0.0012563981050781	0.000203310573844095
Visa_cadelantosefectivo_lag2	4.80768986420445e-05	3.28131872274911e-05	0.00013554038256273
vmr_mconsumototal_delta1	4.73167577306502e-05	9.6726084630092e-05	0.000220253121664436
Master_mconsumosdolares_rank_delta2	4.72046185283014e-05	6.39331946231898e-05	0.000203310573844095
matm_other_rank_delta1	4.71533988893171e-05	0.0010296585317094	0.000186368026023753
Master_cconsumos_delta3	4.71218350606968e-05	0.000237849383209565	0.000203310573844095
ccuenta_debitos_automaticos_delta3	4.68099808553258e-05	0.00047253842515624	0.000118597834742389
cmobile_app_trx_lag1	4.67370725657461e-05	0.00105052814145028	0.000237195669484777
vmr_mpagado	4.67325697898047e-05	0.000271016924510787	0.000118597834742389
Visa_msaldodolares_rank_delta3	4.66268841900394e-05	0.000126539990358066	0.000118597834742389
vm_mpagosdolares_rank_lag3	4.65329203905248e-05	0.00103883362855917	0.000237195669484777
cseguro_auto	4.63363152184842e-05	0.00157049763134763	0.000254138217305118
Master_madelantopesos_rank_lag3	4.62690623725436e-05	8.23034219430674e-05	0.000220253121664436
mttarjeta_master_debitos_automaticos_rank	4.61631371853758e-05	0.00123226019093624	0.000237195669484777
vm_fechaalta_delta1	4.58625321140326e-05	4.82469828830334e-05	0.000118597834742389
Visa_msaldodolares_rank_delta2	4.58010246241059e-05	9.87908278673578e-05	0.00013554038256273
matm_rank	4.56517252376681e-05	0.00027810731981734	0.000254138217305118
ctarjeta_master_transacciones_lag2	4.53489367941581e-05	0.00035530691338325	0.00013554038256273
vmr_msaldodolares2_lag2	4.53274689398101e-05	0.000631077567458923	0.000186368026023753
Master_status_delta1	4.4872076628794e-05	0.000265978619628666	0.00013554038256273
ctarjeta_debito_lag3	4.46478875926915e-05	0.000260590215934272	0.000101655286922047
Visa_fechaalta_delta1	4.4205052059233e-05	7.95661591093339e-05	0.000186368026023753
cprestamos_personales_lag1	4.39540536580019e-05	0.00178623701492953	0.000304965860766142
Visa_madelantodolares_rank_lag3	4.35933694062473e-05	2.33520840875975e-05	0.000101655286922047
vmr_Visa_mlimitecompra_delta2	4.29163271666986e-05	0.000524465305429185	0.000152482930383071
mprestamos_hipotecarios_rank_lag3	4.26875160977437e-05	0.00144579180930722	0.000254138217305118
ctarjeta_master_transacciones_delta2	4.17074734496164e-05	0.000299196508580959	0.000101655286922047
vm_status04_lag3	4.12690437119857e-05	3.94776798163079e-05	0.000152482930383071
minversion2_rank_lag2	4.10495166996126e-05	0.000583031222036553	0.000101655286922047
cpagomiscuentas	4.0963794509923e-05	0.00122494095294041	0.000203310573844095
Visa_madelantodolares_rank	4.05778450597942e-05	5.65595043435573e-05	0.000186368026023753
catm_trx_delta3	4.04868353962141e-05	0.000392472291654034	0.000152482930383071
Master_mpagado_rank_lag3	4.0344800504697e-05	7.65891706610018e-05	0.000152482930383071
vm_status01_lag1	4.00992892633469e-05	0.000194747726917213	0.00013554038256273
mcheques_emitidos_rank_delta1	4.00638160133598e-05	0.000942298578808576	0.000152482930383071
Visa_delinquency_delta1	3.98667805144311e-05	0.000123158601442381	0.00013554038256273
ccajas_otras_delta3	3.93289848092017e-05	0.000635438871540032	0.00013554038256273
Visa_madelantodolares_rank_delta1	3.88551881060626e-05	5.79684477727438e-05	0.000101655286922047
internet_delta2	3.84918805601265e-05	6.99799211567933e-05	5.08276434610237e-05
ctarjeta_visa_descuentos_delta2	3.82863342510389e-05	2.51028040920426e-05	6.77701912813649e-05
vmr_Master_mlimitecompra_delta3	3.81992863682457e-05	0.000352294715470631	0.000186368026023753
mtarjeta_visa_descuentos_rank	3.80885232690611e-05	0.000220952681384384	0.000101655286922047
cpayroll_trx_delta3	3.68939052306555e-05	0.000521231570320417	0.000118597834742389
mv_status07_rank	3.66950034907943e-05	0.000387035121910173	0.000152482930383071
vmr_msaldodolares_lag3	3.66584784896852e-05	0.000140851677332521	0.000118597834742389
mcaja_ahorro_adicional_rank_delta1	3.61905580299274e-05	0.00144028565160767	0.000237195669484777
minversion2_rank_lag1	3.61801679169386e-05	0.000626629463575482	0.000101655286922047
vm_status04_lag1	3.6039218504867e-05	9.24700700272144e-05	0.000101655286922047
Visa_madelantopesos_rank_delta3	3.59641112538356e-05	3.47285820846913e-05	0.000101655286922047
ccajas_extracciones_delta3	3.58048505827576e-05	0.000308078820848031	8.47127391017061e-05
mtarjeta_visa_descuentos_rank_delta2	3.56958238212536e-05	9.5548770521577e-05	0.000101655286922047
Master_cadelantosefectivo_lag1	3.55651666355247e-05	3.38220607651455e-05	0.000152482930383071
Visa_mpagosdolares_rank_delta2	3.54510288370899e-05	0.000226613534783713	0.000169425478203412
ccajas_consultas_lag3	3.53327258024635e-05	0.00041105904776498	0.000118597834742389
mtarjeta_master_consumo_rank_lag1	3.50929260098736e-05	0.000690159312132388	0.000186368026023753
Visa_Fvencimiento_delta1	3.49654993294991e-05	3.62479740259133e-05	0.000101655286922047
vm_cconsumos	3.45691287220094e-05	0.00038563378523156	0.00013554038256273
ctransferencias_emitidas_delta2	3.42890340500546e-05	0.000474219742976	0.000101655286922047
Visa_msaldodolares_rank	3.41958761293396e-05	6.49204905960994e-05	0.000152482930383071
ctarjeta_visa_lag2	3.40301259543321e-05	0.00119604351002778	0.000203310573844095
Visa_cadelantosefectivo_lag3	3.39191131581944e-05	3.86894020452759e-05	0.000169425478203412
ccajas_depositos_delta3	3.38250439688514e-05	0.000258322914720109	5.08276434610237e-05
mcajeros_propios_descuentos_rank_delta2	3.37051586553595e-05	9.37161838055176e-05	3.38850956406824e-05
vmr_mpagosdolares_delta2	3.36653267576258e-05	0.00107095219142492	0.000203310573844095
ccajas_depositos_delta2	3.34995858646172e-05	0.000223473867313222	6.77701912813649e-05
mtarjeta_master_descuentos_rank_lag1	3.34854366091785e-05	0.00013000015809652	0.000101655286922047
cliente_vip_delta2	3.33721573949417e-05	1.85885636556367e-05	8.47127391017061e-05
ctarjeta_visa_debitos_automaticos_lag3	3.32389514512996e-05	0.000716630276926534	0.000169425478203412
ccajeros_propios_descuentos_lag3	3.32137873484315e-05	0.00075257111898376	0.000152482930383071
mv_status07_rank_lag2	3.30158488787582e-05	0.000701831833229758	0.000186368026023753
minversion2_rank_lag3	3.28775978220446e-05	0.000204320107027125	6.77701912813649e-05
vm_mpagado_rank_delta3	3.25491854924109e-05	0.000700730285369526	0.000169425478203412
Visa_cadelantosefectivo	3.22421749919187e-05	8.15236170377729e-05	0.000118597834742389
ctransferencias_emitidas_lag3	3.22120893272124e-05	0.000843568153059631	0.000186368026023753
ctarjeta_visa_debitos_automaticos_lag2	3.19940583493971e-05	0.000563315428323205	0.000118597834742389
Visa_status_delta1	3.19627480870933e-05	0.00012332805875713	8.47127391017061e-05
ctransferencias_emitidas_lag2	3.14928885618526e-05	0.000607942464048567	0.000152482930383071
vmr_Master_mlimitecompra_delta1	3.0962782735488e-05	0.000640400468744344	0.000203310573844095
ccheques_depositados	3.09074308882921e-05	0.000310479579111854	5.08276434610237e-05
vmr_Visa_mlimitecompra_delta1	3.08762152800107e-05	0.000278142002081092	0.000101655286922047
Master_delinquency_lag3	3.0847995856237e-05	4.39323737064336e-05	8.47127391017061e-05
ctarjeta_master_delta2	3.0761002368194e-05	0.000370748240475003	0.000101655286922047
Visa_msaldodolares_rank_delta1	3.03603926382638e-05	0.000124878291929636	0.00013554038256273
cforex_buy_delta3	2.93640895384598e-05	0.00077975836101876	0.00013554038256273
Master_mconsumosdolares_rank_delta1	2.93312320675899e-05	3.63251712470768e-05	0.000101655286922047
Master_mpagosdolares_rank_delta1	2.91842983383573e-05	0.000106275305573655	0.000118597834742389
Master_madelantodolares_rank_lag2	2.9085059500594e-05	8.99204905838608e-05	0.000169425478203412
vmr_mconsumosdolares_delta3	2.8915885565241e-05	0.000191272345677613	0.000118597834742389
mforex_buy_rank_delta3	2.87040215922178e-05	0.000691306651124783	0.000118597834742389
cplazo_fijo_lag3	2.84346038582004e-05	0.000482507071782398	0.000118597834742389
vm_mpagosdolares_rank_delta2	2.83767901117724e-05	0.000593276874886554	0.000118597834742389
mtarjeta_visa_descuentos_rank_delta1	2.78654442116375e-05	9.84612522187613e-05	0.000118597834742389
vm_mpagado_rank_lag2	2.78621386569886e-05	0.000202802296687508	8.47127391017061e-05
vmr_mpagosdolares_lag1	2.73766449354176e-05	0.00066938629306091	0.000152482930383071
vm_status01_lag3	2.70575069106752e-05	1.64333678694759e-05	8.47127391017061e-05
Master_cadelantosefectivo	2.6702125928984e-05	3.50965304007833e-05	0.00013554038256273
vm_msaldodolares_rank_delta1	2.66117500749554e-05	0.000389944365089787	0.000101655286922047
ctarjeta_visa_lag1	2.65968146006617e-05	0.000837598736718735	0.00013554038256273
ccajas_depositos_lag1	2.65656461404614e-05	0.00104699842089842	0.000169425478203412
Visa_madelantodolares_rank_lag2	2.65197315587446e-05	4.32704734350234e-05	0.000152482930383071
cseguro_accidentes_personales_lag2	2.60737799128795e-05	0.000363797139081174	0.000118597834742389
Master_madelantopesos_rank_lag1	2.59357198304972e-05	5.71033116951778e-05	0.000169425478203412
Master_mpagosdolares_rank_delta3	2.58942548265668e-05	4.89855531750723e-05	0.000101655286922047
cprestamos_hipotecarios_lag2	2.54424105652163e-05	0.000794986435494197	0.00013554038256273
cpagomiscuentas_lag2	2.53861137881676e-05	0.000195309873316007	6.77701912813649e-05
vmr_mconsumosdolares_delta2	2.52308484472701e-05	0.000251804531993787	0.000101655286922047
cseguro_vivienda_lag3	2.48917240199345e-05	5.0727160141702e-05	6.77701912813649e-05
vmr_msaldodolares_lag1	2.47813143076954e-05	0.000441890299896346	0.000118597834742389
ccajas_extracciones_lag3	2.46961534217263e-05	0.000491001289141514	0.000118597834742389
mttarjeta_master_debitos_automaticos_rank_lag3	2.45930086293669e-05	9.58763879967587e-05	6.77701912813649e-05
Visa_cadelantosefectivo_lag1	2.41294409350286e-05	2.48540030968098e-05	8.47127391017061e-05
cpagomiscuentas_lag3	2.38981423574712e-05	0.000400911002328274	0.000101655286922047
ccaja_seguridad_delta3	2.38970726238743e-05	0.00109701465111898	0.000186368026023753
Master_msaldodolares_rank_lag1	2.3840345475205e-05	3.14216414159521e-05	8.47127391017061e-05
vmr_mpagado_lag2	2.35371329897267e-05	3.30771264095082e-05	6.77701912813649e-05
cprestamos_prendarios_delta2	2.32277220524913e-05	0.00123984634303139	0.000203310573844095
Master_mpagado_rank	2.32081417317576e-05	0.000113671514847559	6.77701912813649e-05
mcajeros_propios_descuentos_rank_lag3	2.31613511530086e-05	0.000187190872108927	6.77701912813649e-05
Visa_Fvencimiento_delta2	2.31050497237774e-05	3.50433961183142e-05	0.000101655286922047
mtarjeta_master_descuentos_rank_delta1	2.26289845448431e-05	5.44177898282143e-05	8.47127391017061e-05
vm_status03_lag2	2.24915480674053e-05	1.31686785578809e-05	6.77701912813649e-05
Master_mpagado_rank_delta3	2.20469650131349e-05	5.17126485699209e-05	5.08276434610237e-05
ctransferencias_emitidas_delta3	2.18277387822582e-05	0.000403310329619217	0.000118597834742389
cpayroll_trx_delta2	2.16603169304346e-05	0.000578591892276298	0.000101655286922047
vmr_Master_mlimitecompra_delta2	2.15396299206342e-05	0.00012428647167217	8.47127391017061e-05
ctarjeta_master_descuentos_lag2	2.14302554084828e-05	5.07460263894107e-05	5.08276434610237e-05
vm_mpagado_rank_delta1	2.13819489339351e-05	0.000563573380013434	0.000101655286922047
ccaja_seguridad_delta2	2.1108960291932e-05	0.00124138595687884	0.000203310573844095
mcaja_ahorro_adicional_rank_delta3	2.10943055589636e-05	2.99325635054798e-06	1.69425478203412e-05
mcheques_depositados_rank_delta1	2.10311017222333e-05	0.00122011382952965	0.000203310573844095
ctarjeta_visa_debitos_automaticos	2.07808964286661e-05	0.000831751103701371	0.00013554038256273
vm_mconsumosdolares_rank_delta3	2.0603822371582e-05	0.000168330461263252	8.47127391017061e-05
mcajeros_propios_descuentos_rank_lag2	2.01724154614069e-05	6.70563682483788e-05	6.77701912813649e-05
Visa_madelantodolares_rank_lag1	2.00564422755996e-05	1.78290183137499e-05	6.77701912813649e-05
ccajas_otras_lag2	1.98800800024493e-05	0.000356073425303632	6.77701912813649e-05
vmr_msaldodolares_lag2	1.98278418968362e-05	0.000165781898563787	8.47127391017061e-05
ccajas_depositos_lag2	1.95276243880875e-05	0.000328690215298419	8.47127391017061e-05
catm_trx_other_lag3	1.93125994359354e-05	0.0001049267266057	6.77701912813649e-05
ctarjeta_master_transacciones_delta3	1.92397521615194e-05	0.000380182983588158	0.000118597834742389
vm_status05_lag3	1.90216977438611e-05	2.88902127338672e-05	6.77701912813649e-05
cinversion1_lag3	1.88982964539238e-05	8.09624873828669e-05	1.69425478203412e-05
catm_trx_delta2	1.88817108862571e-05	0.000286304647961016	0.000101655286922047
Master_cadelantosefectivo_delta1	1.85359282910075e-05	2.31010613186824e-05	0.000101655286922047
catm_trx_other_delta3	1.8145084834276e-05	0.000246695280982557	6.77701912813649e-05
ccheques_depositados_lag3	1.80238042238721e-05	0.000175407525927711	3.38850956406824e-05
ccajas_consultas_lag2	1.79374580154622e-05	0.000240456201568123	6.77701912813649e-05
ctransferencias_recibidas_lag1	1.77565597748372e-05	0.000111474670219151	3.38850956406824e-05
ctarjeta_master_descuentos_delta2	1.7481635288093e-05	4.61324568524124e-05	5.08276434610237e-05
cseguro_vivienda_lag2	1.73591912741854e-05	4.87680829544776e-05	3.38850956406824e-05
Master_Finiciomora	1.63865018479416e-05	0.000201647049687091	3.38850956406824e-05
cinversion1_lag1	1.61805239594552e-05	0.000418799368359367	6.77701912813649e-05
ctransferencias_recibidas	1.61646537543243e-05	0.000703357702206121	0.000118597834742389
mcheques_depositados_rank_delta3	1.60483951750091e-05	0.000509779720304031	8.47127391017061e-05
vmr_mpagado_delta3	1.60377038331986e-05	0.0001258646841302	8.47127391017061e-05
vm_status03_lag3	1.59479005163459e-05	3.24496448015826e-05	0.000118597834742389
ccajeros_propios_descuentos_lag2	1.54648833662752e-05	4.29497095667938e-05	3.38850956406824e-05
mtarjeta_visa_descuentos_rank_delta3	1.5423366215404e-05	0.000116383472055623	8.47127391017061e-05
ctarjeta_debito_lag1	1.52062742627482e-05	4.92341282272188e-06	1.69425478203412e-05
vmr_msaldodolares2	1.51544818720117e-05	0.00010933875490969	3.38850956406824e-05
ccallcenter_transacciones_lag1	1.5080800067614e-05	0.000723021905581424	0.000118597834742389
Visa_madelantopesos_rank_lag1	1.50768702258496e-05	2.01648555974333e-05	8.47127391017061e-05
ctransferencias_emitidas_delta1	1.4706035806369e-05	0.000622846272537936	0.000101655286922047
mforex_sell_rank_lag1	1.43914711454921e-05	0.000295690361424437	6.77701912813649e-05
ctarjeta_debito	1.42972236523055e-05	5.19683784864679e-05	5.08276434610237e-05
vm_msaldodolares_rank_lag3	1.41554886476343e-05	8.72140313242305e-05	6.77701912813649e-05
Master_madelantodolares_rank_lag1	1.40971706761873e-05	2.22735447649907e-05	5.08276434610237e-05
Master_Finiciomora_lag1	1.39689005193261e-05	0.000419866648184839	8.47127391017061e-05
ctarjeta_master_descuentos_delta1	1.39075756275654e-05	1.4937775266681e-05	5.08276434610237e-05
ccajas_otras_delta1	1.38631920165081e-05	9.93835895543504e-05	1.69425478203412e-05
mcheques_emitidos_rank_delta2	1.38621220145161e-05	0.000382385740393991	8.47127391017061e-05
Master_madelantopesos_rank_delta3	1.35992046652653e-05	2.16105147781489e-05	8.47127391017061e-05
cpayroll_trx_delta1	1.35787554267709e-05	0.000722360005310014	0.000118597834742389
ctarjeta_visa_delta1	1.35683069825699e-05	8.68264636168087e-05	3.38850956406824e-05
mtarjeta_visa_descuentos_rank_lag3	1.33167276847724e-05	8.81188204134478e-05	5.08276434610237e-05
vmr_mconsumosdolares_delta1	1.32679080387008e-05	3.10744422066217e-05	3.38850956406824e-05
ccomisiones_mantenimiento_lag2	1.31443788137427e-05	0.00013643464062345	3.38850956406824e-05
Master_msaldodolares_rank_lag3	1.30813420977249e-05	2.46082899904235e-05	6.77701912813649e-05
vm_status06_lag1	1.29186690507288e-05	7.89927155562227e-06	3.38850956406824e-05
Master_msaldodolares_rank_delta3	1.29132458136256e-05	6.17211364936354e-05	5.08276434610237e-05
vm_mconsumosdolares_rank	1.28344621976813e-05	0.000260186869867988	8.47127391017061e-05
vm_mpagado_rank_lag1	1.27245098531415e-05	0.000237179160701142	8.47127391017061e-05
vm_status06_lag2	1.25510296070959e-05	6.91672038752563e-06	3.38850956406824e-05
mcaja_ahorro_adicional_rank	1.2482294325285e-05	0.00062441104138233	0.000101655286922047
ctransferencias_emitidas_lag1	1.24075825097724e-05	0.000282398167312694	6.77701912813649e-05
ctarjeta_visa_descuentos	1.22329996069916e-05	0.000516768215278649	8.47127391017061e-05
vm_msaldodolares_rank_delta3	1.21387292107523e-05	1.68729778011163e-05	3.38850956406824e-05
cextraccion_autoservicio_delta1	1.20928492967422e-05	0.000620817680194483	0.000101655286922047
mcajeros_propios_descuentos_rank_delta3	1.1879824872562e-05	0.000116432652334082	5.08276434610237e-05
ccuenta_debitos_automaticos_delta2	1.18530934314916e-05	4.9817174361499e-05	1.69425478203412e-05
ctarjeta_debito_transacciones	1.179746118535e-05	8.10754212688519e-05	6.77701912813649e-05
mcaja_ahorro_adicional_rank_lag2	1.17851951846839e-05	3.19250049551192e-06	1.69425478203412e-05
vmr_mpagosdolares_lag3	1.17350922519422e-05	6.11077386714245e-05	3.38850956406824e-05
vm_status04_delta1	1.15328049756778e-05	0.000106070375194352	3.38850956406824e-05
Master_Finiciomora_lag2	1.14904949855379e-05	0.000201894005480452	3.38850956406824e-05
Master_cadelantosefectivo_delta2	1.10717035419929e-05	7.34492019330621e-06	3.38850956406824e-05
ccallcenter_transacciones_lag3	1.09282245951118e-05	0.000140837518232444	6.77701912813649e-05
vm_msaldodolares_rank_lag2	1.08631425179491e-05	1.84584957522715e-05	5.08276434610237e-05
cliente_edad_delta2	1.06507983971884e-05	0.000335269452029327	6.77701912813649e-05
mttarjeta_master_debitos_automaticos_rank_lag2	1.04959283128796e-05	9.7815619849567e-05	5.08276434610237e-05
minversion1_pesos_rank_lag1	1.04888661208021e-05	0.000514126074484261	8.47127391017061e-05
vm_mpagado_rank_lag3	1.04713817872481e-05	6.02175605684567e-05	3.38850956406824e-05
vm_msaldodolares_rank_lag1	1.04263330930129e-05	3.74170412117772e-05	3.38850956406824e-05
mcheques_emitidos_rank_lag1	1.01735308079888e-05	0.000418799368359367	6.77701912813649e-05
cseguro_vivienda_delta3	1.00630434400868e-05	0.000720825701125094	0.000118597834742389
cplazo_fijo_lag2	9.63506304130756e-06	0.000296801436551475	5.08276434610237e-05
vm_status05_lag1	9.48675861805154e-06	2.97985039409226e-05	1.69425478203412e-05
mv_status07_rank_lag3	9.28929672869696e-06	5.43180736127797e-05	3.38850956406824e-05
ccuenta_debitos_automaticos_delta1	9.28153760388388e-06	0.000523499210449209	8.47127391017061e-05
vm_mpagosdolares_rank_lag2	9.12091169615044e-06	2.93291824934296e-05	3.38850956406824e-05
ctarjeta_master_transacciones	9.07984866987049e-06	4.60020123772366e-06	1.69425478203412e-05
Master_delinquency_delta3	8.89164337132754e-06	9.7916955323787e-06	5.08276434610237e-05
ccajas_extracciones_delta1	8.80167973310615e-06	0.000523499210449209	8.47127391017061e-05
Visa_madelantodolares_rank_delta3	8.77162099737981e-06	1.16640858888137e-05	3.38850956406824e-05
mcaja_ahorro_adicional_rank_lag3	8.75693012053143e-06	0.000289587299747974	5.08276434610237e-05
vm_status02_lag2	8.62655270389432e-06	0.000298309644309924	5.08276434610237e-05
vmr_mpagosdolares_lag2	8.61119441777667e-06	0.000198274811466402	5.08276434610237e-05
vmr_msaldodolares2_delta1	8.52867436113877e-06	0.000273326213481827	5.08276434610237e-05
Visa_cadelantosefectivo_delta2	8.50709843301093e-06	6.30336022249581e-06	3.38850956406824e-05
vm_status02_lag3	8.4103799151571e-06	2.64831657208081e-05	3.38850956406824e-05
ctarjeta_master_debitos_automaticos_lag3	8.30487163511995e-06	9.69028474379659e-05	1.69425478203412e-05
ctransferencias_recibidas_delta1	8.28326510994518e-06	0.000401777644693082	6.77701912813649e-05
vm_cconsumos_delta1	8.23314070559162e-06	1.30029493040562e-05	1.69425478203412e-05
ctarjeta_visa_debitos_automaticos_delta2	8.11996527081227e-06	3.6638177736009e-06	1.69425478203412e-05
Visa_cadelantosefectivo_delta1	8.0558367233303e-06	7.8612001455753e-06	3.38850956406824e-05
cliente_vip	7.90890791467539e-06	3.90878150208417e-05	1.69425478203412e-05
vm_Fvencimiento_delta1	7.88527827160374e-06	2.00347876940681e-05	5.08276434610237e-05
vm_mpagado_rank	7.57784410936961e-06	2.68509257509948e-05	3.38850956406824e-05
vm_mpagosdolares_rank_lag1	7.52985621986317e-06	0.000367675489815247	6.77701912813649e-05
catm_trx_other_delta1	7.28972245424347e-06	0.000209399684179684	3.38850956406824e-05
mpagodeservicios_rank_lag3	7.28046094285413e-06	0.000382844668459513	6.77701912813649e-05
cliente_edad_delta3	7.24735109107963e-06	3.28799534095023e-05	3.38850956406824e-05
vmr_mpagado_lag3	7.16922126335083e-06	3.9640999010545e-05	3.38850956406824e-05
ccallcenter_transacciones_lag2	7.07119244038201e-06	4.46010522704338e-05	3.38850956406824e-05
mforex_sell_rank	7.021202770393e-06	0.000296708799886079	5.08276434610237e-05
mprestamos_hipotecarios_rank_lag2	7.00228663818681e-06	0.000297469173685949	5.08276434610237e-05
Master_msaldodolares_rank_delta2	6.76749957232042e-06	7.22016195246978e-06	3.38850956406824e-05
ccajas_depositos_delta1	6.72904928334608e-06	0.000100313383011788	1.69425478203412e-05
cforex_buy_delta1	6.7220069525096e-06	0.000418799368359367	6.77701912813649e-05
minversion1_pesos_rank_delta2	6.71125808467231e-06	0.000404297964506756	6.77701912813649e-05
vm_status05_lag2	6.70958678808259e-06	1.0669296136874e-05	3.38850956406824e-05
ccajeros_propios_descuentos_lag1	6.58079567623817e-06	1.6583055164171e-05	1.69425478203412e-05
Master_cadelantosefectivo_delta3	6.57950854257101e-06	1.44411900201038e-05	5.08276434610237e-05
mv_status07_rank_lag1	6.54804905256465e-06	5.77205128926753e-05	5.08276434610237e-05
mtarjeta_master_descuentos_rank_delta2	6.52777833004397e-06	1.98243593663307e-05	3.38850956406824e-05
ccuenta_debitos_automaticos_lag3	6.49607656868356e-06	0.000166546452310754	3.38850956406824e-05
ccajas_extracciones_lag1	6.46417691063365e-06	4.9817174361499e-05	1.69425478203412e-05
mttarjeta_master_debitos_automaticos_rank_lag1	6.39466793507471e-06	0.000296257139656501	5.08276434610237e-05
mcheques_emitidos_rank	6.2507498042656e-06	0.000104699842089842	1.69425478203412e-05
mtarjeta_master_descuentos_rank_delta3	6.17465476962264e-06	9.55833398137859e-06	3.38850956406824e-05
mcheques_depositados_rank_lag2	6.02487703593144e-06	2.50174729197711e-05	1.69425478203412e-05
Master_madelantopesos_rank_delta2	5.99284948759327e-06	7.86417506287867e-06	5.08276434610237e-05
mcheques_emitidos_rechazados_rank_lag2	5.94247113669671e-06	3.11873007782446e-06	1.69425478203412e-05
ctarjeta_visa_descuentos_delta3	5.91423811423553e-06	0.000201965516467276	5.08276434610237e-05
ccallcenter_transacciones	5.76705647735074e-06	0.000416507966549329	6.77701912813649e-05
cforex_sell_lag3	5.73110387362836e-06	1.08970844250779e-05	1.69425478203412e-05
cprestamos_hipotecarios_lag3	5.64957222685734e-06	6.47348406934964e-05	1.69425478203412e-05
ccheques_emitidos_rechazados_lag2	5.57133396748854e-06	3.85466060147139e-05	1.69425478203412e-05
mtarjeta_master_descuentos_rank_lag3	5.54990780385356e-06	2.7369992334662e-05	1.69425478203412e-05
vmr_mpagado_delta1	5.52412397658751e-06	8.71808930049018e-06	1.69425478203412e-05
mtarjeta_visa_descuentos_rank_lag1	5.44404917868257e-06	2.50546405574728e-05	1.69425478203412e-05
ctransferencias_emitidas	5.30847089032284e-06	0.000314099526269526	5.08276434610237e-05
Master_madelantodolares_rank_delta1	5.27237612663681e-06	7.04396400231172e-06	3.38850956406824e-05
vm_status05_delta1	5.10079361322114e-06	2.68214401782285e-05	1.69425478203412e-05
Master_delinquency_delta1	5.01869869449848e-06	6.20454777940653e-06	1.69425478203412e-05
vm_msaldodolares_rank_delta2	5.0046154642663e-06	1.21093820547934e-05	1.69425478203412e-05
active_quarter_delta2	4.95715175048489e-06	4.30035216785219e-05	1.69425478203412e-05
ccheques_emitidos_delta2	4.91559899252398e-06	0.000137208796951587	3.38850956406824e-05
vmr_mpagosdolares_delta3	4.8773882909522e-06	6.77453816901488e-05	1.69425478203412e-05
Visa_madelantopesos_rank_delta1	4.86353104943507e-06	5.61747232675335e-06	3.38850956406824e-05
Visa_status_lag2	4.78672274361104e-06	9.06784919813243e-05	5.08276434610237e-05
ccheques_emitidos_rechazados_delta3	4.64883407615441e-06	3.11873007782446e-06	1.69425478203412e-05
Master_madelantodolares_rank_delta2	4.5049155874851e-06	4.55305444704234e-06	1.69425478203412e-05
ctarjeta_visa_debitos_automaticos_lag1	4.40678924761233e-06	1.36970464652687e-05	1.69425478203412e-05
mtarjeta_master_descuentos_rank	4.40639989571691e-06	2.64845590365072e-05	1.69425478203412e-05
Visa_madelantopesos_rank_delta2	4.36583501083258e-06	5.4788939004696e-06	3.38850956406824e-05
Master_madelantopesos_rank_lag2	4.33323806218687e-06	1.48300757288626e-05	3.38850956406824e-05
ccuenta_debitos_automaticos_lag2	4.20897450810252e-06	1.56876803702175e-05	1.69425478203412e-05
mcheques_emitidos_rank_delta3	4.16288497748144e-06	8.07744650778574e-05	3.38850956406824e-05
ctarjeta_master_debitos_automaticos_delta3	4.01529412746023e-06	8.91087900462124e-05	1.69425478203412e-05
vm_status06_delta1	3.80217048654009e-06	4.02141789633888e-05	1.69425478203412e-05
cforex_delta2	3.79201441412079e-06	3.54140934086232e-05	1.69425478203412e-05
ctarjeta_master_debitos_automaticos_delta2	3.77352216731913e-06	0.000204498752694052	3.38850956406824e-05
vmr_mpagosdolares	3.76213639779445e-06	0.000200026548214735	3.38850956406824e-05
mforex_buy_rank_delta1	3.62349625758062e-06	0.000104699842089842	1.69425478203412e-05
Visa_cadelantosefectivo_delta3	3.59861356702566e-06	6.73291568679438e-06	3.38850956406824e-05
mcheques_depositados_rank_lag1	3.56969591327318e-06	0.000104699842089842	1.69425478203412e-05
mprestamos_prendarios_rank_delta3	3.5311651057543e-06	0.000196482894505882	3.38850956406824e-05
catm_trx_other_delta2	3.37667721613699e-06	6.92376228038298e-06	1.69425478203412e-05
vmr_msaldodolares_delta2	3.36058746377462e-06	0.000183794420320819	3.38850956406824e-05
Master_status_lag3	3.30915248591093e-06	5.89718986763262e-06	3.38850956406824e-05
ctarjeta_master_descuentos_lag1	3.2417474599211e-06	8.96525597406519e-05	1.69425478203412e-05
Master_madelantopesos_rank_delta1	3.14583654306911e-06	5.46296491288318e-06	3.38850956406824e-05
cforex_lag3	3.12853230265977e-06	7.53265630373964e-05	1.69425478203412e-05
cforex_buy_delta2	3.12750238100992e-06	9.08947948293063e-05	1.69425478203412e-05
ccheques_emitidos_lag3	3.08806690291049e-06	0.000102815589721374	1.69425478203412e-05
mcaja_ahorro_adicional_rank_lag1	3.08105320088985e-06	9.95320718192517e-05	1.69425478203412e-05
vm_mpagosdolares_rank_delta3	3.03064572911967e-06	8.08023313918384e-05	1.69425478203412e-05
cseguro_vivienda	3.01661259931521e-06	0.000100904374811271	1.69425478203412e-05
vmr_mpagosdolares_delta1	2.91227452212553e-06	0.000101580095268129	1.69425478203412e-05
cseguro_vivienda_delta2	2.87814289002068e-06	0.000101276578388823	1.69425478203412e-05
active_quarter_delta1	2.85073240922462e-06	8.25041347180926e-05	1.69425478203412e-05
minversion1_pesos_rank_delta3	2.52992290896248e-06	0.000101865461386166	1.69425478203412e-05
minversion1_dolares_rank_lag2	2.52758286112774e-06	0.000209399684179684	3.38850956406824e-05
mforex_sell_rank_delta1	2.52544715146607e-06	3.30724192618763e-06	1.69425478203412e-05
Visa_Finiciomora_lag3	2.50495518187797e-06	6.97648986529671e-05	1.69425478203412e-05
vm_status04_lag2	2.48939169089459e-06	8.8911993618017e-06	3.38850956406824e-05
ccajas_consultas_lag1	2.45325136154053e-06	0.000104699842089842	1.69425478203412e-05
vm_status02_lag1	2.43251944668968e-06	5.9209138916975e-06	1.69425478203412e-05
cforex_sell_delta3	2.0296087651514e-06	0.000102376808247717	1.69425478203412e-05
Visa_Finiciomora_lag2	2.02503477503064e-06	6.60176325661475e-05	1.69425478203412e-05
cinversion2_lag2	1.94832082117523e-06	0.000101868624589375	1.69425478203412e-05
cpagodeservicios_lag3	1.90515250335044e-06	9.17090183980855e-05	1.69425478203412e-05
ctarjeta_master_transacciones_delta1	1.85585600856496e-06	0.000104699842089842	1.69425478203412e-05
ccheques_emitidos_lag1	1.51202214102356e-06	0.000104699842089842	1.69425478203412e-05
minversion1_pesos_rank_lag3	1.50529436930112e-06	0.000101095748605395	1.69425478203412e-05
mforex_sell_rank_delta2	1.41716288582846e-06	0.000104699842089842	1.69425478203412e-05
cpagomiscuentas_delta1	1.41713613577866e-06	0.000104699842089842	1.69425478203412e-05
ctarjeta_visa_lag3	1.37317864675222e-06	0.000100407412992884	1.69425478203412e-05
catm_trx_lag1	1.31490961268728e-06	0.000104699842089842	1.69425478203412e-05
cinversion1_lag2	9.80642779679274e-07	0.000104699842089842	1.69425478203412e-05
