Feature	Gain	Cover	Frequency
ctrx_quarter	0.0812048078542564	0.00230050225030613	0.00108417611085701
ctrx_quarter_normalizado_lag3	0.0421173381823019	0.00182321330575551	0.00186342769053548
mcaja_ahorro_rank_lag1	0.0389895106862035	0.001383138529427	0.00123663837644627
ctrx_quarter_lag1	0.0370642889564006	0.00130358121046368	0.000779251579678474
mcaja_ahorro_rank	0.0364675304227008	0.00393371035440318	0.0019142484457319
mcuenta_corriente_rank	0.0260796354881824	0.00484826199689911	0.00345581135335671
Visa_status	0.0195366235466592	0.00138423813960449	0.000626789314089207
mcuentas_saldo_rank	0.018909747005961	0.0044093460862237	0.00279514153580322
cdescubierto_preacordado_delta3	0.0183089234726383	0.00297526258644228	0.00103335535566059
mpayroll_sobre_edad_rank	0.01799846949649	0.00375229287286343	0.00116887736951771
ctrx_quarter_normalizado	0.0173312709952442	0.00210333127195039	0.000948654096999881
mprestamos_personales_rank	0.0170059894237421	0.00550397929255382	0.00193118869746404
mpayroll_rank	0.0144765227306025	0.00421942679748515	0.00121969812471413
vm_status01	0.0122452149132581	0.00265987238480439	0.000948654096999881
mtarjeta_visa_consumo_rank	0.0119866526401811	0.00166855696559291	0.000931713845267741
foto_mes	0.011527476313252	0.00760271755076992	0.00574274533719571
mpayroll_sobre_edad_rank_lag1	0.0112132198133273	0.00329250437129843	0.000863952838339178
Visa_mpagospesos_rank	0.0102210869913312	0.00131964636250641	0.00301536480832105
mpasivos_margen_rank	0.00951102525220501	0.00394816496818587	0.00281208178753536
mv_status07_rank_delta2	0.00945579428106814	0.00119715954182336	0.000389625789839237
cdescubierto_preacordado	0.00887181996479491	0.00347082635581591	0.00269350002541038
vm_status06	0.00877328944733005	0.000376248056602095	0.000440446545035659
cpayroll_trx	0.0072029693255032	0.00199872426465202	0.000338805034642815
mcuentas_saldo_rank_delta3	0.00624329521344261	0.00327100783077827	0.00569192458199929
vm_msaldototal_rank	0.00622656336462972	0.00111844289112096	0.000931713845267741
mautoservicio_rank	0.00587915987124424	0.00110188997176534	0.000660669817553489
cdescubierto_preacordado_delta2	0.00577895922553148	0.00153259805910222	0.0004573867967678
Visa_msaldototal_rank	0.00502780744056515	0.00123243580032214	0.00203283020785689
mprestamos_personales_rank_lag3	0.00499876169075071	0.00230082048529698	0.00142298114549982
mpayroll_sobre_edad_rank_lag2	0.00471632041477352	0.00135247611431574	0.000643729565821348
mprestamos_personales_rank_delta3	0.00470856920571191	0.00311684019789486	0.00152462265589267
mactivos_margen_rank	0.00466664316799711	0.00460847193129485	0.00433670444342803
ctarjeta_visa_transacciones	0.00423558727484832	0.00182200007245155	0.000880893090071318
vm_status06_delta2	0.00416771870630715	0.000422950846244393	0.000118581762124985
thomebanking	0.00408221023933305	0.00205590730256335	0.00528535854042791
mcaja_ahorro_rank_lag2	0.00388597162181817	0.00143086482957507	0.00152462265589267
cproductos_delta3	0.00384730294458402	0.00121281960598904	0.000372685538107096
mcuentas_saldo_rank_delta2	0.003678609044364	0.00316430718013983	0.00481103149192797
ctrx_quarter_normalizado_lag2	0.00365950800777465	0.00244999249808007	0.00206671071132117
ccomisiones_mantenimiento_delta3	0.00356845044157128	0.00270502118455931	0.000626789314089207
mpayroll_rank_lag2	0.00354358928750496	0.00150269081291714	0.000643729565821348
vm_msaldopesos_rank	0.00346090868665941	0.000914918154155987	0.00069455032101777
ctrx_quarter_normalizado_lag1	0.00337903473845842	0.00103674955513672	0.000830072334874896
ctarjeta_visa_delta3	0.00337136064956238	0.000727113150417481	0.00022022327251783
mprestamos_personales_rank_lag2	0.00337022927333368	0.00157776257509369	0.0009147735935356
mprestamos_personales_rank_lag1	0.0033172132351407	0.00287765772650754	0.00115193711778557
mcuentas_saldo_rank_lag2	0.00320216231324741	0.00213983569041798	0.00264267927021396
vm_status02	0.00319872054943752	0.00136168932560975	0.000609849062357067
mcuenta_corriente_rank_delta2	0.00315017888014793	0.00118478454708353	0.00142298114549982
mcomisiones_mantenimiento_rank_delta3	0.00301843657972091	0.00237889589098888	0.00199894970439261
mcomisiones_otras_rank_lag3	0.00295272861058253	0.0022610810412094	0.00433670444342803
ctarjeta_master_delta2	0.00295262072212198	0.000363172749369412	0.000101641510392844
mcomisiones_rank_delta3	0.00294825088613958	0.00196633960568552	0.0046585692263387
ctrx_quarter_delta3	0.00285739987132695	0.00203511803028667	0.0028290220392675
mrentabilidad_annual_rank_lag2	0.00282821745551641	0.00244488017176384	0.00450610696074944
mrentabilidad_annual_rank_lag3	0.00279843542276427	0.0036222363907629	0.00499737426098152
mrentabilidad_annual_rank_delta1	0.00277381371086477	0.00287957631052372	0.00653893716860633
mprestamos_personales_rank_delta2	0.00268821081411173	0.00551575003935675	0.00166014466974979
mprestamos_personales_rank_delta1	0.0026749671689992	0.00629211629598425	0.00196506920092833
vm_status01_delta3	0.00266689222316943	0.000546625295549365	0.000406566041571378
ctrx_quarter_normalizado_delta2	0.00265874354141683	0.00171806604342601	0.0019142484457319
mcomisiones_rank_lag3	0.00263836184216058	0.00184597113065693	0.00401483966051736
vm_Finiciomora	0.00253696677230871	0.00279095079826731	0.00069455032101777
vm_mpagominimo_rank	0.00249993970120825	0.0025636264153516	0.0019142484457319
mrentabilidad_annual_rank_delta3	0.00247360122676118	0.00252478854934123	0.00606461012010638
mcomisiones_rank	0.00244406866301953	0.00136813621608007	0.00313394657044604
mcuenta_corriente_rank_delta3	0.00243640440014159	0.00242090982793284	0.00199894970439261
tcallcenter	0.00242544553416114	0.0027242534214578	0.00198200945266047
Visa_mpagominimo_rank	0.00242036415939484	0.00158166809747547	0.00262573901848182
ctrx_quarter_delta2	0.00237260792427404	0.00189424934141827	0.00226999373210686
mpayroll_rank_lag1	0.00233770345585822	0.0011900505766893	0.000440446545035659
vmr_mpagospesos	0.00231259922007481	0.00119236195382333	0.000931713845267741
ccaja_seguridad	0.00227184530434324	0.00428602156757325	0.00069455032101777
cproductos_delta2	0.002255149777735	0.00263774738281541	0.000508207551964222
Visa_delinquency	0.00222943942612429	0.00117325409326578	0.000863952838339178
vm_status04_delta3	0.00218048559491843	0.000555726086873779	0.000287984279446393
mcomisiones_otras_rank_lag2	0.00212554014710002	0.00230423203658829	0.004573867967678
Visa_Finiciomora	0.00205948570448258	0.00390650017232474	0.000847012586607037
mtransferencias_recibidas_rank	0.00205290525281331	0.00307120855625047	0.00186342769053548
vm_status04	0.00204855491144162	0.000552077551278678	0.000508207551964222
cprestamos_personales_delta3	0.00200749247353738	0.0023647044301718	0.0004573867967678
vm_mpagospesos_rank	0.00197977216781519	0.000403411992338534	0.000542088055428504
mcomisiones_rank_lag2	0.00195807548881642	0.00165059135208427	0.00396401890532093
mrentabilidad_annual_rank	0.00187767414962842	0.00259189804497572	0.00355745286374956
mcuenta_debitos_automaticos_rank	0.00186259677666013	0.00279572191681631	0.00106723585912487
internet	0.00184996605881177	0.00270964439001119	0.000542088055428504
mactivos_margen_rank_delta2	0.00184251342536148	0.00339476537310424	0.0060307296166421
Visa_mpagominimo_rank_lag1	0.00181490263455692	0.00166733019677422	0.00252409750808897
mrentabilidad_annual_rank_delta2	0.00181182731482874	0.00294968189234451	0.00599684911317782
mcuenta_corriente_rank_lag3	0.00179808259020451	0.00301204064789941	0.00291372329792821
ccaja_ahorro	0.00178279668615833	0.00238064366432886	0.000440446545035659
ctarjeta_visa_transacciones_delta3	0.00176945158797095	0.00153315181204944	0.00106723585912487
ctrx_quarter_normalizado_delta3	0.00174477203821424	0.0017944336807437	0.00299842455658891
vm_Finiciomora_lag1	0.00166949707844155	0.00304446591341011	0.000880893090071318
mcomisiones_otras_rank_delta3	0.00164921924632012	0.00226502115435105	0.00504819501617794
mpasivos_margen_rank_delta2	0.00163220566448306	0.00271345057675429	0.00459080821941014
mpasivos_margen_rank_delta3	0.00158607326209203	0.00177523276352236	0.00435364469516017
cliente_vip_delta1	0.00157175856068407	0.00165857997528141	0.000931713845267741
mcomisiones_rank_delta2	0.00152641144336386	0.00182797280632102	0.00445528620555301
mactivos_margen_rank_delta1	0.00152120508010828	0.00228500607866469	0.00460774847114228
mactivos_margen_rank_delta3	0.00152082901163318	0.00239833149899624	0.00526841828869577
mpasivos_margen_rank_lag1	0.00152041710159015	0.00107369192270325	0.00199894970439261
mcomisiones_otras_rank_delta2	0.00151554201285234	0.00198113911190336	0.00453998746421372
thomebanking_lag2	0.00150554196242395	0.00166615012548136	0.00525147803696363
mcuentas_saldo_rank_delta1	0.00149550039047593	0.00271795252655334	0.00304924531178533
mrentabilidad_rank_delta2	0.00148131197886559	0.00236352402049107	0.00533617929562433
mcomisiones_otras_rank_delta1	0.00146266792636901	0.00331328029605364	0.00421812268130304
mcuenta_corriente_rank_lag2	0.00146254765071757	0.00260207573689181	0.00286290254273179
mcomisiones_mantenimiento_rank	0.00145905944528575	0.00597326446165054	0.0026596195219461
mcomisiones_mantenimiento_rank_delta2	0.00145731581548793	0.00186171770932095	0.00118581762124985
ctrx_quarter_delta1	0.00144943727271638	0.00126639163176	0.0009147735935356
internet_lag1	0.001435397677583	0.00167205762568955	0.000389625789839237
mrentabilidad_rank_delta1	0.00142399961531112	0.00222036395697153	0.00409954091917806
Visa_msaldopesos_rank	0.00142294715416513	0.00161176066741645	0.00199894970439261
thomebanking_lag3	0.00142190287496796	0.00157910616292427	0.00504819501617794
mttarjeta_visa_debitos_automaticos_rank_delta3	0.0014091708208474	0.00246224416924122	0.00162626416628551
ctrx_quarter_normalizado_delta1	0.00140652520359026	0.00120692849879314	0.0009147735935356
mrentabilidad_annual_rank_lag1	0.00140603254919602	0.00210146694278909	0.00354051261201741
Master_fechaalta_lag1	0.00139607123721507	0.00291507812333608	0.00462468872287442
mcuenta_corriente_rank_lag1	0.0013492980157826	0.00289444951009955	0.00223611322864258
mpasivos_margen_rank_delta1	0.00132619508946202	0.00283563333713831	0.0044891667090173
cliente_edad_lag3	0.00132601234640486	0.00248666558410071	0.0032864088360353
Master_fechaalta_lag3	0.0013220232282137	0.00208372868832933	0.00474327048499941
mrentabilidad_rank_delta3	0.00132085903967026	0.00192637472008032	0.00492961325405296
chomebanking_transacciones	0.00131803953876146	0.0036277327121124	0.0031170063187139
ctrx_quarter_lag3	0.00130491205733103	0.00141947202442243	0.00213447171824973
mtarjeta_visa_consumo_rank_delta2	0.00129750914383718	0.00183773695066334	0.00196506920092833
thomebanking_lag1	0.00127453834693323	0.00118075077569965	0.00369297487760668
mactivos_margen_rank_lag1	0.00126991775895268	0.00301749455796941	0.00296454405312463
mpayroll_rank_delta3	0.0012660513405168	0.0016949515201127	0.000863952838339178
Master_fechaalta	0.00125270846761537	0.00203122589302502	0.00426894343649947
mpasivos_margen_rank_lag2	0.00120407732289525	0.00208042899302783	0.00281208178753536
chomebanking_transacciones_lag2	0.00120183637643163	0.00185076063494678	0.00399789940878522
Master_mfinanciacion_limite_rank_delta2	0.00118904179543278	0.0015833494339973	0.00489573275058867
cliente_vip_lag1	0.00118835612340156	0.00156525384194857	0.000508207551964222
cliente_edad_lag2	0.00118218194772062	0.00214074125395231	0.00271044027714252
vm_status01_delta2	0.00117419939422581	0.00097239923658202	0.0004573867967678
mcomisiones_rank_lag1	0.00116820350952348	0.00178446627808846	0.00396401890532093
internet_lag3	0.00116422302753033	0.000515480151344594	0.000525147803696363
mrentabilidad_rank_lag2	0.00115647236893395	0.00216654035861978	0.0037437956328031
mcomisiones_otras_rank_lag1	0.00114803195314273	0.00156191557043008	0.00360827361894598
Visa_fechaalta_lag2	0.00114261705615664	0.00201434263191259	0.00308312581524962
vm_fechaalta_lag1	0.00113862577826982	0.00167283114275792	0.0028290220392675
Visa_mpagominimo_rank_lag3	0.00112820018981996	0.00132331046394346	0.00259185851501753
Master_mfinanciacion_limite_rank_delta3	0.00112425728542227	0.00250685008205936	0.00481103149192797
mcomisiones_otras_rank	0.00112027469252699	0.00132760693710913	0.00299842455658891
Master_status	0.00111828707412699	0.00070247001630692	0.000508207551964222
Visa_mpagospesos_rank_delta3	0.00111041139329433	0.00199086795111141	0.00394707865358879
Master_fechaalta_lag2	0.00110306647757442	0.00247581239480212	0.00408260066744592
mplazo_fijo_dolares_rank	0.00108445920208375	0.00263896527835222	0.000474327048499941
Master_Fvencimiento_lag3	0.00107922156194393	0.0017707123151865	0.00426894343649947
Master_mlimitecompra_rank_delta3	0.00107862373317583	0.00213402113407763	0.00486185224712439
cprestamos_personales_delta2	0.00107303118100881	0.00285807973240491	0.000491267300232081
cliente_edad_lag1	0.00107297020915467	0.00246898793866803	0.00257491826328539
Visa_delinquency_lag1	0.00107184212542916	0.000620451301587944	0.000559028307160644
vm_fechaalta	0.00106130567835511	0.0028972215083197	0.00330334908776744
chomebanking_transacciones_delta1	0.00105143500310175	0.00356262079526203	0.00272738052887466
mrentabilidad_rank_lag3	0.00104688051096301	0.0027757153356791	0.00354051261201741
tcallcenter_delta2	0.00104658922300203	0.000876351938406593	0.000626789314089207
chomebanking_transacciones_delta2	0.00103268585267431	0.00331798975281329	0.00340499059816029
Visa_Fvencimiento	0.00102582097740014	0.00185025527146474	0.00338805034642815
Master_Fvencimiento_lag1	0.00102523962690634	0.00147680842723542	0.00364215412241026
numero_de_cliente	0.00100679449594034	0.00376112746573142	0.00313394657044604
mpayroll_rank_delta2	0.00100242177148859	0.00206953553557291	0.000796191831410615
mcaja_ahorro_rank_delta1	0.000999552737229328	0.00355469620256931	0.00240551574596399
vmr_mpagominimo_delta3	0.000972185248378219	0.000601506468785632	0.000965594348732022
mrentabilidad_rank	0.000971004759178861	0.00214020118691444	0.00306618556351747
mtransferencias_emitidas_rank	0.00096374720994277	0.00482557278953765	0.00232081448730328
ccallcenter_transacciones_delta2	0.000961693269886032	0.00100456826727909	0.000491267300232081
Master_Fvencimiento_lag2	0.000956250686760656	0.00174424760158201	0.0037437956328031
chomebanking_transacciones_lag3	0.000954282917069795	0.00160894223486104	0.00335416984296387
Master_Fvencimiento	0.000946901834990431	0.00161277481585786	0.00370991512933882
Master_mlimitecompra_rank_delta2	0.000934003626209905	0.0015317471264093	0.00406566041571378
Visa_mlimitecompra_rank_delta3	0.000925223983848947	0.00166070219359703	0.00370991512933882
Visa_fechaalta	0.000924347928209676	0.00183838695615977	0.00267655977367824
mcomisiones_rank_delta1	0.000921060062174278	0.00172538473384114	0.00289678304619607
cliente_edad	0.000920638636428812	0.00172400170502458	0.00235469499076756
Master_mfinanciacion_limite_rank_delta1	0.000918698916823539	0.00258466553067107	0.0042011824295709
mcuentas_saldo_rank_lag3	0.000917308800250499	0.00196636897023276	0.00287984279446393
Master_status_delta1	0.000908080490737512	0.000333027654111544	0.000186342769053548
Visa_fechaalta_lag1	0.000906830201529023	0.00127224081645887	0.00303230506005319
Visa_mlimitecompra_rank_delta1	0.000906712814966904	0.00259784201587639	0.0040317799122495
vm_Fvencimiento	0.000901872872032827	0.00171477886847565	0.00291372329792821
Visa_fechaalta_lag3	0.00088812319751696	0.00142496537547842	0.00294760380139249
mtarjeta_visa_consumo_rank_delta3	0.000883538386154326	0.00232374987284766	0.00226999373210686
vm_mpagospesos_rank_delta3	0.000880103023508422	0.00113429805469206	0.00147380190069624
ctarjeta_visa_transacciones_delta2	0.000873901640339657	0.00147521003333998	0.000948654096999881
Visa_mfinanciacion_limite_rank_delta3	0.00087062452632561	0.0013688489361281	0.00359133336721384
ccaja_ahorro_delta2	0.000867171307716858	0.00169209939916507	0.000355745286374956
cpayroll_trx_lag2	0.000867154047075239	0.000457995760237182	8.47012586607037e-05
mcaja_ahorro_rank_delta3	0.000866534393428047	0.00292002757229169	0.00257491826328539
mactivos_margen_rank_lag3	0.000864720419227845	0.00247660189129761	0.00315088682217818
cpayroll_trx_lag1	0.000861621626001484	6.10218602843931e-06	1.69402517321407e-05
Visa_mpagominimo_rank_lag2	0.00085975487218576	0.00136679492176727	0.00223611322864258
mplazo_fijo_dolares_rank_delta3	0.0008588696348996	0.00230595153574193	0.000491267300232081
ccomisiones_otras_lag3	0.00085031647500043	0.000684448907187873	0.000762311327946333
mpagomiscuentas_rank	0.000850069427006909	0.00231699873408504	0.000982534600464163
mpasivos_margen_rank_lag3	0.000845823564441746	0.00186650225058872	0.00271044027714252
Visa_Fvencimiento_lag3	0.000839409419899349	0.00122178586933646	0.00276126103233894
Visa_mlimitecompra_rank_delta2	0.00083756186623062	0.0013849540931366	0.00352357236028527
Visa_mfinanciacion_limite_rank_delta2	0.00083461145153063	0.00163209326646548	0.00337111009469601
mpayroll_sobre_edad_rank_delta3	0.000832129005319411	0.00103953956311118	0.000609849062357067
Master_mfinanciacion_limite_rank	0.000826829503431311	0.00146349057109844	0.00321864782910674
vm_Fvencimiento_lag1	0.000825294809817846	0.00197578446227473	0.00299842455658891
cmobile_app_trx_lag3	0.000823436740992444	0.00195401988096419	0.00171096542494621
mttarjeta_visa_debitos_automaticos_rank_delta2	0.000823369644164602	0.00108243785794973	0.000830072334874896
chomebanking_transacciones_lag1	0.000821142546059089	0.00141644221224526	0.00260879876674967
Visa_mfinanciacion_limite_rank_delta1	0.000819990049391665	0.00234627477409971	0.00382849689146381
mrentabilidad_rank_lag1	0.000814884954622865	0.00148602727832723	0.00286290254273179
mactivos_margen_rank_lag2	0.0008128216231587	0.00175039434201311	0.00269350002541038
Visa_cconsumos	0.000811081824239998	0.00123457151655384	0.00218529247344616
vmr_mpagominimo_delta2	0.000810230280475434	0.00122506450939281	0.00110111636258915
Visa_Fvencimiento_lag1	0.000809167925756407	0.0014931494781868	0.00269350002541038
Visa_mconsumototal_rank	0.000807295106578142	0.00165702060878679	0.00287984279446393
vmr_mpagominimo	0.00080612805385301	0.000999058861598675	0.00159238366282123
mcomisiones_mantenimiento_rank_lag3	0.000804761766686883	0.00167649163472437	0.00166014466974979
cdescubierto_preacordado_lag1	0.000799374698462271	0.00192736285025453	0.00132133963510698
Master_mlimitecompra_rank_delta1	0.000792379426877338	0.0013418738960195	0.0040317799122495
vm_fechaalta_lag3	0.000779279530640222	0.00152448231486255	0.00272738052887466
Visa_mpagospesos_rank_lag3	0.000777177886016707	0.00169156252801262	0.00315088682217818
tcallcenter_delta3	0.000773524459568428	0.000878483368391967	0.000813132083142756
cdescubierto_preacordado_lag3	0.000742720942916421	0.00170896367295821	0.00132133963510698
chomebanking_transacciones_delta3	0.00073913380205863	0.00134390309526998	0.00233775473903542
mcaja_ahorro_dolares_rank	0.00073689075141138	0.00373245886953907	0.00142298114549982
cliente_antiguedad_lag3	0.000736889799475993	0.00181184170624262	0.00247327675289255
Visa_cadelantosefectivo	0.00073259951348661	8.18764414196642e-05	0.00022022327251783
ccajas_transacciones_delta1	0.000731620122130985	0.00210881808084092	0.000880893090071318
Visa_mconsumototal_rank_delta3	0.000723164188327927	0.00116384341385127	0.00299842455658891
ctrx_quarter_lag2	0.000717014557674304	0.00156691558957269	0.00181260693533906
mpayroll_sobre_edad_rank_delta2	0.000710977627018242	0.00127119403238749	0.000626789314089207
vmr_msaldototal_delta3	0.000709960674502067	0.000454549430192741	0.00069455032101777
Visa_cconsumos_lag1	0.000707553971679635	0.00133415496795343	0.00215141196998187
Visa_mpagospesos_rank_delta2	0.000703459268324075	0.0012011972610657	0.00299842455658891
cproductos	0.000701969030631442	0.000478137771719032	0.000135522013857126
Visa_cconsumos_delta3	0.000700490624382282	0.000770176052154646	0.00130439938337484
Visa_mpagospesos_rank_delta1	0.000700468475895757	0.00124247449002164	0.0028290220392675
Visa_mconsumospesos_rank_lag2	0.000700254110551718	0.0012523002961533	0.00250715725635683
vm_Fvencimiento_lag3	0.000699306959236449	0.00122430715974481	0.0026596195219461
Master_mfinanciacion_limite_rank_lag3	0.000694204575578596	0.00109689017821465	0.00267655977367824
mpayroll_rank_delta1	0.000691199360884634	0.00318159816103495	0.000897833341803459
Visa_mlimitecompra_rank	0.000690800507386319	0.00100147119111342	0.00247327675289255
Visa_Finiciomora_lag1	0.000684958932748362	0.00196674529514101	0.000440446545035659
Visa_Fvencimiento_lag2	0.000681908024127298	0.0011133671106945	0.00262573901848182
Visa_mfinanciacion_limite_rank_lag1	0.000679708541587247	0.00105602766239069	0.00260879876674967
Master_mlimitecompra_rank	0.000677539300336926	0.000829483714695329	0.00279514153580322
vm_fechaalta_lag2	0.000676424789751668	0.0013920703900078	0.00238857549423184
Visa_mconsumospesos_rank_lag1	0.000674338048546433	0.000973040293599265	0.00243939624942827
Visa_mconsumototal_rank_lag1	0.00067419696448803	0.00104618692959417	0.00226999373210686
vm_mpagominimo_rank_lag1	0.000673257592130984	0.0013777448147989	0.00132133963510698
Visa_mconsumospesos_rank	0.000670393008135022	0.00113236247608515	0.00250715725635683
mcomisiones_mantenimiento_rank_lag1	0.000669344378620563	0.00144799075238774	0.0012874591316427
Visa_mfinanciacion_limite_rank	0.000668191820380122	0.00103077576850499	0.00250715725635683
Visa_msaldopesos_rank_delta3	0.00066126441719263	0.00110120274360339	0.00235469499076756
cliente_antiguedad	0.000660159890497159	0.00166116830408635	0.00208365096305331
Master_mlimitecompra_rank_lag1	0.000659512905166055	0.00104883049081895	0.00252409750808897
Master_mfinanciacion_limite_rank_lag1	0.000658156824967561	0.00105864215985745	0.00271044027714252
ccaja_seguridad_lag3	0.000658146673272659	0.000678205538221032	0.000152462265589267
Master_msaldopesos_rank	0.000653431027617378	0.000931055570807938	0.00113499686605343
Visa_mlimitecompra_rank_lag1	0.000652680039400664	0.00120890690226472	0.00252409750808897
mcuentas_saldo_rank_lag1	0.000652165281012182	0.00308437504021434	0.00159238366282123
Visa_mconsumototal_rank_lag3	0.000651703366469474	0.00120632248371959	0.00276126103233894
mcomisiones_mantenimiento_rank_lag2	0.000651514653813578	0.000800715218884523	0.000863952838339178
cdescubierto_preacordado_delta1	0.00064679458692072	0.00251283296756489	0.000542088055428504
Visa_mconsumospesos_rank_delta2	0.000644256557285436	0.00125816903215123	0.0028290220392675
vm_mconsumospesos_rank	0.000643126705044782	0.000348134040527312	0.000440446545035659
vm_mfinanciacion_limite_rank_delta3	0.000642516270113822	0.0021830213141554	0.00204977045958903
Visa_mconsumototal_rank_delta2	0.000639825546686337	0.000907726810375316	0.00281208178753536
ccajas_transacciones_delta3	0.000639522123582253	0.0011697342578566	0.000779251579678474
Visa_cconsumos_lag2	0.000637757593665846	0.00100189293519333	0.00198200945266047
vm_Finiciomora_delta1	0.000637336678997651	0.00160396195501075	0.000372685538107096
cproductos_delta1	0.00063505527411609	0.00028286571328446	6.7761006928563e-05
mcaja_ahorro_dolares_rank_delta3	0.000629085247752104	0.00185765073832732	0.00115193711778557
vmr_Master_mlimitecompra	0.000628886214044788	0.00118522832397354	0.00199894970439261
vm_mlimitecompra_rank_delta3	0.000627173597074635	0.00162045640846246	0.00230387423557114
Master_mfinanciacion_limite_rank_lag2	0.0006226070507135	0.00110352100129074	0.00259185851501753
Master_mlimitecompra_rank_lag3	0.000620448157893971	0.000979657618759275	0.00260879876674967
Visa_mfinanciacion_limite_rank_lag2	0.000620270321188112	0.000996256107681165	0.00238857549423184
Master_delinquency	0.000620112060542183	0.000962092844480012	0.000423506293303519
Visa_mconsumototal_rank_lag2	0.000619004160444185	0.00131951803830701	0.00254103775982111
vmr_mpagominimo_lag3	0.000614738950938557	0.000913374353503313	0.00166014466974979
mcaja_ahorro_dolares_rank_delta2	0.000612183089134021	0.00124513357948971	0.000847012586607037
Visa_mpagospesos_rank_lag2	0.000611320366560909	0.00102095861006329	0.00252409750808897
mcaja_ahorro_rank_delta2	0.000611179832400129	0.0018572286934582	0.00181260693533906
ccomisiones_mantenimiento_delta1	0.000610780733874828	0.00270649783401945	0.000440446545035659
mcaja_ahorro_rank_lag3	0.000601748351625751	0.00173387454706993	0.00152462265589267
vm_mpagominimo_rank_lag2	0.000598310182458952	0.000858704108704979	0.000931713845267741
Visa_mfinanciacion_limite_rank_lag3	0.000597206852471721	0.00129302850959217	0.00240551574596399
mcomisiones_mantenimiento_rank_delta1	0.000596739025598376	0.00186305979320544	0.00110111636258915
vm_Fvencimiento_lag2	0.00058998091085745	0.000819628619213732	0.00201588995612475
Visa_mconsumototal_rank_delta1	0.000588785207529679	0.00120830028561274	0.00254103775982111
Visa_mconsumospesos_rank_delta3	0.000581411589803915	0.00110476029046056	0.00254103775982111
Visa_mconsumosdolares_rank_lag3	0.000580921983061203	0.00104223846955177	0.00189730819399976
cdescubierto_preacordado_lag2	0.000577097259762765	0.000957344924299324	0.000796191831410615
cliente_antiguedad_lag2	0.000568652691967906	0.00181690534230446	0.00199894970439261
Visa_cconsumos_lag3	0.000566809376158188	0.000669938233814993	0.00157544341108909
ccaja_ahorro_delta3	0.000563656133449809	0.00271242217842375	0.000542088055428504
Visa_delinquency_delta2	0.000562648448566455	0.00115918212096488	0.000423506293303519
Visa_mlimitecompra_rank_lag3	0.000561307277903783	0.000942151045820264	0.00211753146651759
Master_mlimitecompra_rank_lag2	0.000561232672925158	0.00118568593716749	0.00255797801155325
Visa_mpagominimo_rank_delta2	0.000558453576960865	0.00109950411170162	0.00203283020785689
cliente_antiguedad_lag1	0.000557760095377603	0.00167293525342542	0.00164320441801765
Visa_mpagospesos_rank_lag1	0.000556221670828745	0.000784432934626271	0.00206671071132117
mautoservicio_rank_lag3	0.000550691455020211	0.0024154561810534	0.00201588995612475
Master_mpagospesos_rank	0.000544244781308462	0.00132431081367957	0.00113499686605343
vmr_Visa_mlimitecompra	0.000540145883075162	0.000957587886788793	0.0018295471870712
vm_mpagominimo_rank_lag3	0.000537447876003441	0.000652524982103442	0.00118581762124985
Visa_mlimitecompra_rank_lag2	0.000537251219611403	0.00102013200369824	0.00210059121478545
Master_status_delta2	0.00053674959482607	0.000193367874702115	0.000118581762124985
Visa_mconsumospesos_rank_delta1	0.000535147623161207	0.000800055212146651	0.00235469499076756
Master_msaldototal_rank	0.000531873178184439	0.00180453741611122	0.00120275787298199
vmr_Master_mlimitecompra_lag3	0.000525412146096261	0.00116760500859305	0.00181260693533906
vmr_msaldopesos	0.000523993850686453	0.000781159971966376	0.00123663837644627
thomebanking_delta2	0.000517588866940096	0.000982829516242492	0.000880893090071318
Visa_msaldototal_rank_delta1	0.000511617532775045	0.00110615350851182	0.0019142484457319
vm_mlimitecompra_rank_lag3	0.00051031186981903	0.00128113440161191	0.00142298114549982
ccajas_transacciones	0.000508691018517518	0.0012889801499313	0.000965594348732022
Visa_mconsumosdolares_rank	0.000508034700517652	0.00121761805875806	0.00194812894919619
Visa_mconsumospesos_rank_lag3	0.000508016237796571	0.000829603203211506	0.00210059121478545
vmr_Master_mlimitecompra_lag1	0.00050764756864746	0.000876144581840605	0.00193118869746404
vmr_mpagominimo_lag2	0.000507093466001309	0.0010766449960316	0.00115193711778557
ccomisiones_mantenimiento_delta2	0.000497669790263203	0.00036963302495986	8.47012586607037e-05
Master_fultimo_cierre	0.000495981082156144	0.000916468308980856	0.00177872643187478
Visa_mpagominimo_rank_delta3	0.000491311039318705	0.00111596882461956	0.00194812894919619
mtransferencias_emitidas_rank_lag3	0.00049118560198957	0.00273374091491843	0.00166014466974979
mcaja_ahorro_dolares_rank_lag3	0.000487436641128094	0.00136241366364125	0.00140604089376768
Visa_msaldopesos_rank_delta2	0.000483257679244073	0.000874653268906175	0.00166014466974979
tcallcenter_delta1	0.000481700836881332	0.000855882066678974	0.000406566041571378
vm_mlimitecompra_rank_delta2	0.000480163037783971	0.00121298515285396	0.00198200945266047
thomebanking_delta3	0.000478170399653857	0.00105131399458201	0.000897833341803459
vm_msaldopesos_rank_delta3	0.000474815260852448	0.00105339068093002	0.00121969812471413
vm_mfinanciacion_limite_rank	0.0004744810562433	0.000510638159336507	0.00116887736951771
vmr_msaldopesos2_delta3	0.000473984884075008	0.00128003385146811	0.00149074215242839
mcuenta_corriente_rank_delta1	0.000470978795584003	0.00132696260900915	0.00133827988683912
Visa_msaldototal_rank_delta2	0.000468056827307504	0.000724176883686585	0.00152462265589267
vm_mfinanciacion_limite_rank_delta1	0.000462802536423026	0.00116476476881946	0.00184648743880334
ccaja_ahorro_lag3	0.00046192453998956	0.000566448056876761	0.000287984279446393
Visa_msaldopesos_rank_lag2	0.000457707755170298	0.000432442325162132	0.00108417611085701
mtransferencias_recibidas_rank_lag1	0.000455220088498956	0.00213624825263244	0.00149074215242839
vmr_Master_mlimitecompra_lag2	0.000454049063190129	0.00103555136129357	0.00167708492148193
mtransferencias_recibidas_rank_lag2	0.000453957067650341	0.000725396847149257	0.00143992139723196
vmr_msaldototal	0.000452451664997438	0.000893711160855166	0.000982534600464163
Visa_msaldototal_rank_lag1	0.000449778191557498	0.0013130142234775	0.00135522013857126
Visa_msaldopesos_rank_lag3	0.0004478134119337	0.000846125479665715	0.00155850315935695
mcuenta_debitos_automaticos_rank_delta3	0.000447271785553771	0.00154026637938265	0.000796191831410615
ccomisiones_otras	0.000445298691517171	0.001129965750011	0.000592908810624926
vm_status02_delta2	0.000442174986699059	0.000234593367912842	0.000203283020785689
mextraccion_autoservicio_rank_lag3	0.000441989636117598	0.000999445074952408	0.00143992139723196
active_quarter_lag1	0.000440091098362082	0.000180918472229906	0.000491267300232081
Visa_msaldototal_rank_delta3	0.000439733474344086	0.000607357947002283	0.00184648743880334
ccajas_consultas_delta2	0.000433337638815535	0.00109132723205373	0.000254103775982111
Visa_cconsumos_delta2	0.000429604097225094	0.000542295660372598	0.00105029560739273
Visa_mconsumosdolares_rank_lag2	0.000427123576307997	0.00113872194968948	0.00164320441801765
vmr_Visa_mlimitecompra_lag3	0.000427079690273682	0.000964151370679084	0.00143992139723196
vmr_msaldopesos2	0.000425115048496589	0.000680562785710545	0.00106723585912487
Visa_msaldototal_rank_lag3	0.000422969963526815	0.000918523564097201	0.00172790567667836
Master_fultimo_cierre_lag3	0.000421618903463194	0.00106463824248984	0.00152462265589267
Visa_msaldototal_rank_lag2	0.000415174637985886	0.000829996409914518	0.00130439938337484
ccaja_ahorro_lag2	0.000412545153887094	0.000621803424312529	0.000254103775982111
mtarjeta_visa_consumo_rank_lag2	0.000411965694643946	0.00131279141386552	0.00150768240416053
tcallcenter_lag2	0.000411400921230177	0.00104690739496452	0.00103335535566059
Visa_msaldopesos_rank_lag1	0.000407022768422103	0.000913783539633441	0.00154156290762481
vmr_mpagominimo_lag1	0.000405929982065713	0.000757297122681556	0.00106723585912487
mtransferencias_emitidas_rank_lag1	0.000404378456173353	0.000961801981307847	0.000999474852196304
Visa_msaldopesos_rank_delta1	0.000401396250182539	0.000778916610793885	0.00140604089376768
cmobile_app_trx_delta3	0.000399554682752734	0.00194457660351836	0.00130439938337484
mautoservicio_rank_lag2	0.000391739031428891	0.000929981715707084	0.00152462265589267
ctarjeta_visa_transacciones_lag3	0.000389045361100806	0.00102159124498248	0.00123663837644627
cmobile_app_trx_lag2	0.000384729833983383	0.00246269294675194	0.00115193711778557
mtransferencias_recibidas_rank_lag3	0.000383368927089213	0.00081712729368961	0.00140604089376768
vm_fultimo_cierre_lag1	0.000377011819173551	0.00165048656464104	0.00157544341108909
Visa_mpagominimo_rank_delta1	0.000374708916852577	0.00139122660105877	0.00152462265589267
Master_fultimo_cierre_lag2	0.000369212366094261	0.000685890063520484	0.0012874591316427
vm_fultimo_cierre_lag2	0.000367396695363051	0.000904019658481687	0.00125357862817841
active_quarter_lag2	0.000366921190495259	0.000318655757363335	0.000643729565821348
mpagomiscuentas_rank_delta2	0.00036472012955458	0.00131435596897412	0.000559028307160644
vmr_Visa_mlimitecompra_lag1	0.000363472817723214	0.000868593118170714	0.00155850315935695
vm_mlimitecompra_rank_delta1	0.000360754081893174	0.000704610131580914	0.00150768240416053
vmr_Visa_mlimitecompra_lag2	0.000360157960007855	0.00101341079346265	0.00133827988683912
Master_msaldopesos_rank_lag1	0.00035913793362745	0.000835483857982138	0.000948654096999881
vmr_msaldototal_lag3	0.000358287864224996	0.000699487653628625	0.00105029560739273
vm_fultimo_cierre_lag3	0.000357672218409316	0.000462579712696333	0.00125357862817841
mtransferencias_recibidas_rank_delta2	0.00035763687165443	0.000753121679576797	0.000948654096999881
mtransferencias_emitidas_rank_delta2	0.000357290512705991	0.00159273646385968	0.000880893090071318
vmr_msaldopesos2_lag2	0.000354411330862651	0.00108036981929169	0.00125357862817841
ccomisiones_otras_lag2	0.000347460594819155	0.00130554340891623	0.000863952838339178
mcaja_ahorro_dolares_rank_lag2	0.000345185889778972	0.00101907476720159	0.00111805661432129
mtarjeta_visa_consumo_rank_lag3	0.000345105407541762	0.000789490667699751	0.00133827988683912
internet_lag2	0.000343754942767294	0.000751039992608069	0.000186342769053548
vm_mconsumospesos_rank_delta2	0.000341805118148169	0.000387324093111318	0.000626789314089207
vmr_mpagominimo_delta1	0.000340211306416199	0.000817731466429206	0.000762311327946333
ccomisiones_otras_delta3	0.000340086753294365	0.00163329040754636	0.00103335535566059
mtarjeta_visa_consumo_rank_delta1	0.000339929408720221	0.0011235239353587	0.00069455032101777
Visa_mconsumosdolares_rank_delta2	0.000337696863504134	0.000539466136214837	0.000999474852196304
ccajas_consultas_delta3	0.000335846044229926	0.00117969951738867	0.000254103775982111
Master_mpagominimo_rank_lag2	0.000334869630932837	0.000785561984548316	0.000965594348732022
Visa_mconsumosdolares_rank_lag1	0.000333198894434958	0.000690756005869919	0.00143992139723196
Visa_mconsumosdolares_rank_delta3	0.000332777004818294	0.000738772492414419	0.00133827988683912
vmr_msaldopesos_lag2	0.000329060587564328	0.000506398159346199	0.0009147735935356
mcuenta_debitos_automaticos_rank_lag3	0.000326461604288764	0.000902057836015656	0.000948654096999881
mttarjeta_visa_debitos_automaticos_rank_lag3	0.00032511637511703	0.00116666045525655	0.00121969812471413
mtarjeta_master_consumo_rank	0.000324162135903476	0.000666493370117981	0.00023716352424997
mtransferencias_recibidas_rank_delta3	0.000324027644190597	0.001146954625737	0.00115193711778557
mtransferencias_emitidas_rank_delta3	0.000322246566637391	0.000924340489152629	0.00069455032101777
Master_fultimo_cierre_lag1	0.000321869210500294	0.000649621576594427	0.00127051887991056
vm_msaldototal_rank_delta3	0.000320071543704937	0.000472720144348246	0.000880893090071318
mtransferencias_emitidas_rank_lag2	0.00031900669592101	0.00156937604536204	0.00103335535566059
ccaja_seguridad_lag2	0.000318895006845831	0.000227065440999128	5.08207551964222e-05
ccajas_consultas	0.000318479499432472	0.00125259330244863	0.000203283020785689
vmr_msaldopesos_delta3	0.000317622133767055	0.000537565900340844	0.000813132083142756
vm_mfinanciacion_limite_rank_delta2	0.000316830488281861	0.000866814889922584	0.00132133963510698
mautoservicio_rank_delta2	0.000314736325077574	0.000725635861780262	0.00101641510392844
Visa_madelantopesos_rank_lag3	0.000314273379345845	8.84433091886393e-05	0.000304924531178533
Master_Fvencimiento_delta3	0.000308641643544263	0.000374103730279073	0.000880893090071318
mcuenta_debitos_automaticos_rank_delta2	0.000308514394276602	0.00199798691748691	0.000728430824482052
ccomisiones_mantenimiento	0.000306095468696304	0.00219216444156201	0.000355745286374956
vmr_msaldototal_lag2	0.00030589495996222	0.000411071251343817	0.000813132083142756
vm_mpagominimo_rank_delta2	0.000301650152762155	0.00186848798579745	0.00111805661432129
ccajas_transacciones_lag2	0.000300655562645541	0.0010262114425422	0.00103335535566059
Master_mpagominimo_rank_lag3	0.000300409250556819	0.000574579479754335	0.0009147735935356
mtransferencias_emitidas_rank_delta1	0.000293871876958225	0.00152357332985088	0.000880893090071318
vm_fultimo_cierre	0.000292375169784916	0.00065217493865297	0.00108417611085701
tcallcenter_lag1	0.000292339889250067	0.00115319389645076	0.000880893090071318
Master_fultimo_cierre_delta1	0.00028942368668569	0.000780612761184617	0.00103335535566059
vmr_msaldopesos2_delta2	0.00028895941786592	0.00113698000414057	0.00105029560739273
Master_mpagominimo_rank	0.000288941132221224	0.000824738276025676	0.000948654096999881
vm_mlimitecompra_rank	0.000287569106566023	0.00065357733077533	0.00108417611085701
vm_status04_delta2	0.000287549342252902	0.00139491393846277	0.00023716352424997
matm_rank_lag2	0.000286761425444282	0.00153606217330908	0.00110111636258915
mttarjeta_visa_debitos_automaticos_rank_lag2	0.000284953240314182	0.00065707990840322	0.000999474852196304
vmr_msaldopesos_lag3	0.000284407260318639	0.00042521221717121	0.00101641510392844
mpayroll_sobre_edad_rank_delta1	0.000283739592703608	0.00085624214896954	0.000338805034642815
vmr_msaldopesos2_lag1	0.000281964615660223	0.000704907536918534	0.00105029560739273
Master_msaldototal_rank_lag1	0.000281464027294444	0.000798137718491372	0.000745371076214193
mautoservicio_rank_delta3	0.000281463163372999	0.000746049974706909	0.00103335535566059
vmr_msaldopesos2_lag3	0.000280380820426704	0.000520417944718073	0.00121969812471413
vm_mfinanciacion_limite_rank_lag3	0.000278474619729288	0.000625089132915465	0.00103335535566059
vm_mlimitecompra_rank_lag2	0.000278243847477201	0.000599930746877377	0.000948654096999881
Visa_delinquency_delta3	0.000277496565520215	5.4344828464947e-05	0.000101641510392844
cprestamos_personales_lag3	0.000277489486589227	0.00279740189978666	0.00069455032101777
mextraccion_autoservicio_rank_lag2	0.000276595394058801	0.000524833906399919	0.00103335535566059
vmr_msaldopesos_delta2	0.000273198397903553	0.000732408243781276	0.000762311327946333
vm_msaldototal_rank_lag3	0.00027017727545496	0.000259590042148515	0.000440446545035659
mextraccion_autoservicio_rank_delta3	0.000269258366886017	0.00152360269439812	0.000931713845267741
Master_status_delta3	0.000268405582737787	0.000187662467248631	0.000169402517321407
vm_status01_delta1	0.000267350594405929	0.000321268826081314	0.000254103775982111
Visa_mconsumosdolares_rank_delta1	0.000265701877728108	0.000287786624863174	0.000779251579678474
Master_mpagominimo_rank_lag1	0.000265604171022868	0.000685737600986471	0.000813132083142756
mpayroll_rank_lag3	0.000264874276249436	0.000715798136875906	0.000542088055428504
Master_msaldototal_rank_lag2	0.000264032435675301	0.000514465363726092	0.0009147735935356
vm_mfinanciacion_limite_rank_lag1	0.000263573673149985	0.00029898339064409	0.000847012586607037
matm_rank_lag3	0.000263118030469685	0.000971083810141823	0.000880893090071318
vm_mpagominimo_rank_delta3	0.000262981756091854	0.000523689215438626	0.0009147735935356
Visa_fultimo_cierre	0.000260201377505302	0.000446522945153004	0.000931713845267741
vmr_msaldototal_lag1	0.00025913802612332	0.000498400813261791	0.000745371076214193
Visa_status_delta2	0.000258340098638987	0.000575153949558822	0.000372685538107096
vmr_mpagospesos_lag3	0.000255964902881633	0.000710255719579006	0.000965594348732022
ctarjeta_debito_transacciones_delta1	0.000255413009156321	0.00307692975513781	0.000575968558892785
vmr_mconsumototal_lag3	0.0002534701171429	0.000667865720917362	0.00111805661432129
Visa_status_delta3	0.000252291342380518	0.00117930225003124	0.000491267300232081
vm_msaldopesos_rank_lag1	0.000251191237905649	0.00140513712474782	0.000575968558892785
ccomisiones_otras_delta2	0.000248307093100584	0.000845208974923641	0.000830072334874896
active_quarter_lag3	0.000247167686731611	0.000349991451536634	0.000728430824482052
Master_fechaalta_delta3	0.000246557128598762	0.000312358735120036	0.000796191831410615
mextraccion_autoservicio_rank	0.000246487615482389	0.000583786976053233	0.000355745286374956
mttarjeta_visa_debitos_automaticos_rank_lag1	0.000243988551452219	0.000607984528538494	0.000847012586607037
Master_fultimo_cierre_delta3	0.000242388927035242	0.000280974463488304	0.000762311327946333
Visa_fultimo_cierre_lag2	0.000242204314640201	0.000560741145477196	0.000965594348732022
vm_mconsumototal_rank_delta3	0.000242021381009135	0.000737161051786728	0.0009147735935356
mpayroll_sobre_edad_rank_lag3	0.000241544366703166	0.000777846929143409	0.000406566041571378
Master_msaldopesos_rank_lag3	0.000241198994472699	0.000656796790553375	0.000863952838339178
vmr_mpagospesos_delta3	0.000240772224179493	0.00041574047754579	0.000813132083142756
vm_mconsumospesos_rank_delta3	0.000240057323513845	0.000460255476823309	0.00069455032101777
ccajas_transacciones_lag1	0.000237171566312855	0.000999267421321529	0.000813132083142756
Master_mconsumospesos_rank_lag3	0.000236839614534559	0.000762029777809517	0.000847012586607037
ccajas_transacciones_lag3	0.000236686429624374	0.000651604078319079	0.000813132083142756
vm_mpagominimo_rank_delta1	0.000235713604899272	0.00117270748406245	0.000863952838339178
thomebanking_delta1	0.000234487661094509	0.000898896202964446	0.000643729565821348
Master_cadelantosefectivo	0.000234351682491554	0.000166237928147118	0.000186342769053548
vmr_mpagospesos_delta2	0.000233809869783989	0.000798991433484544	0.000728430824482052
ctarjeta_debito_transacciones_lag2	0.000232217349167414	0.0015244527999207	0.00101641510392844
mcaja_ahorro_dolares_rank_lag1	0.000229390364947402	0.00127615536251714	0.000796191831410615
Master_mconsumospesos_rank_delta2	0.000226990795464148	0.000364203742006942	0.000406566041571378
vmr_mconsumospesos_delta3	0.000226852431374531	0.000659036053472793	0.000660669817553489
vm_cconsumos_lag3	0.00022679284353929	0.00178230683710732	0.000660669817553489
Master_mpagominimo_rank_delta3	0.000226461398666	0.000915614857178249	0.000745371076214193
vm_msaldototal_rank_delta2	0.000226119029145309	0.000930125342557869	0.0009147735935356
ctarjeta_visa_transacciones_lag2	0.000225363864808766	0.000406293515432063	0.00069455032101777
Master_msaldototal_rank_delta2	0.000225294008924385	0.000434388807378132	0.000626789314089207
ctarjeta_debito_delta2	0.000225164589501082	0.00171877695873874	0.000304924531178533
vm_cconsumos_delta3	0.00022389127531285	0.000661236100998136	0.000338805034642815
Master_msaldopesos_rank_lag2	0.000221890052862957	0.000455644754123907	0.000728430824482052
Visa_mpagado_rank_delta2	0.000221174626318832	0.00148425457708095	0.000592908810624926
vm_fultimo_cierre_delta1	0.000219754089436703	0.000306060622515827	0.000559028307160644
active_quarter	0.00021944478323576	0.000638147971938556	0.000609849062357067
Master_msaldototal_rank_lag3	0.000218254478816899	0.000675699964049229	0.000779251579678474
Visa_fultimo_cierre_lag3	0.000218186662033255	0.000435728748139457	0.000847012586607037
mttarjeta_visa_debitos_automaticos_rank	0.000217422842805899	0.000446963751749496	0.000711490572749911
vm_mfinanciacion_limite_rank_lag2	0.000217053214149548	0.000316674421196896	0.000813132083142756
vmr_mconsumospesos	0.000216758976872297	0.000432880537451634	0.00069455032101777
vmr_msaldototal_delta2	0.000214924584525466	0.000704454435562826	0.000762311327946333
Master_mconsumototal_rank_lag3	0.000214597740358568	0.000796274554888288	0.000830072334874896
vm_cconsumos_delta2	0.00021409972393974	0.000350386425376292	0.000152462265589267
vm_Finiciomora_lag3	0.000212646245939971	0.00125988732814801	0.000304924531178533
Master_mconsumospesos_rank_lag2	0.000211430253416193	0.00052838889654875	0.000745371076214193
vmr_mconsumototal_lag1	0.000210839822890674	0.000355211197201745	0.000660669817553489
mcaja_ahorro_dolares_rank_delta1	0.000210562180949203	0.000848422381318708	0.0004573867967678
Master_cconsumos_lag2	0.000210111066391436	0.000439823241346379	0.000643729565821348
vm_msaldopesos_rank_delta2	0.000207059804887276	0.000765183552742452	0.000745371076214193
mprestamos_prendarios_rank_lag2	0.000206892148776373	0.0011713106565406	0.00022022327251783
mtransferencias_recibidas_rank_delta1	0.000206369746850929	0.000471523755240401	0.000728430824482052
vm_msaldopesos_rank_delta1	0.000205423074483144	0.000543126928970503	0.000542088055428504
vmr_mconsumospesos_lag3	0.000205128272368127	0.000508065922754642	0.000813132083142756
vm_mconsumospesos_rank_lag3	0.000204794538526004	0.000685627662527912	0.000745371076214193
vm_status05_delta3	0.00020371105254382	0.000592940255095892	0.000287984279446393
Visa_cconsumos_delta1	0.000202945706815011	0.000494321434712988	0.000762311327946333
cprestamos_personales_delta1	0.000202231205564101	0.00113739595802806	0.000186342769053548
Visa_Finiciomora_delta1	0.000201659910730512	0.000457776560095801	8.47012586607037e-05
ctarjeta_debito_transacciones_lag3	0.000201042459573315	0.000503645825221072	0.000779251579678474
Master_fultimo_cierre_delta2	0.000200948681562703	0.000358598497362487	0.000796191831410615
mcuenta_debitos_automaticos_rank_lag2	0.00020094081898325	0.0014084678013386	0.000779251579678474
Master_mpagospesos_rank_lag1	0.000200567160801846	0.000372692728065396	0.000508207551964222
cprestamos_personales_lag1	0.000198212658381848	0.00139662324838172	0.000287984279446393
Visa_fultimo_cierre_lag1	0.000197247463527726	0.00043009229661381	0.000762311327946333
mextraccion_autoservicio_rank_delta2	0.000197150799519985	0.00100759052212719	0.000711490572749911
vm_msaldopesos_rank_lag3	0.000197002630939647	0.000531531918267202	0.00069455032101777
vm_msaldototal_rank_lag1	0.000195275976108995	0.00105819274316964	0.000626789314089207
vm_mpagospesos_rank_lag3	0.000194692737227045	0.000405709533168611	0.000626789314089207
mpagomiscuentas_rank_lag3	0.000194411290359052	0.000783424162792095	0.000711490572749911
vm_mconsumototal_rank_delta2	0.000194391961659392	0.000581686677751746	0.000542088055428504
Visa_fultimo_cierre_delta2	0.0001938916337725	0.000186169236782948	0.000508207551964222
Master_mpagospesos_rank_lag3	0.000192139713031563	0.000767502186416322	0.000796191831410615
Master_msaldopesos_rank_delta2	0.000190112703641001	0.000768680941756361	0.00067761006928563
vm_status06_delta3	0.000189941900581421	0.000212410501598378	0.000169402517321407
tcuentas_lag2	0.000188825047005788	0.000909766499649717	0.000304924531178533
mpagomiscuentas_rank_delta3	0.000188289961172747	0.00137620902265911	0.000609849062357067
tcallcenter_lag3	0.000187843901969743	0.000487028574571814	0.000508207551964222
vmr_mconsumototal_lag2	0.000187699070972032	0.000317911642440854	0.000728430824482052
Master_mpagospesos_rank_delta3	0.000187406170528552	0.000787248622480082	0.00069455032101777
mttarjeta_visa_debitos_automaticos_rank_delta1	0.000186494596685462	0.00117735813653032	0.000643729565821348
vm_mpagospesos_rank_delta1	0.000185553407874126	0.000859792025701694	0.000728430824482052
Visa_status_delta1	0.000185061016025352	0.000303621071577003	0.00023716352424997
vm_cconsumos_lag2	0.000184177853253909	0.000605117405728695	0.000338805034642815
vm_status05	0.000183582151555285	0.000185702148728682	0.000169402517321407
Master_cconsumos_lag3	0.000183176063249732	0.000285733588067299	0.000609849062357067
vmr_mconsumospesos_lag2	0.000183062998299109	0.000390098422447887	0.000660669817553489
cproductos_lag3	0.000182646380560702	0.00195622248519787	0.000525147803696363
Master_cconsumos	0.000181996962539656	0.000384852583318262	0.000525147803696363
ctarjeta_debito_transacciones_delta2	0.000181477614664375	0.00191862665305892	0.00067761006928563
vmr_mconsumototal	0.000181003549266944	0.000306171876927207	0.000575968558892785
Master_mconsumototal_rank	0.000180678196257337	0.000537233001875701	0.000508207551964222
Master_msaldototal_rank_delta3	0.000180536114092162	0.00100091067040884	0.00067761006928563
Master_mconsumototal_rank_lag1	0.000180141959136212	0.000469379692107943	0.000762311327946333
Visa_fechaalta_delta1	0.000179659191333304	0.00019121557746486	0.000338805034642815
ctarjeta_debito_transacciones_delta3	0.00017834356356856	0.00171376107296498	0.000711490572749911
vmr_mconsumosdolares_lag3	0.000177666327990271	0.00059324630812348	0.000525147803696363
vmr_mconsumototal_delta3	0.000176512705403472	0.000798346127819618	0.00069455032101777
minversion2_rank	0.000176363046062404	0.0015714526941114	0.000271044027714252
vmr_msaldototal_delta1	0.000176247004337877	0.000786768036509734	0.00069455032101777
ccajas_transacciones_delta2	0.000176237109491377	0.000479037206673081	0.000321864782910674
vm_msaldopesos_rank_lag2	0.000175215474164007	0.000479163162157408	0.000508207551964222
mprestamos_prendarios_rank_lag1	0.000175151373971611	0.00369982857857881	0.000626789314089207
vm_mpagospesos_rank_delta2	0.000174007576436643	0.000457198631215328	0.000542088055428504
ccomisiones_otras_lag1	0.000172973179051307	0.000381894208579968	0.0004573867967678
Master_mconsumospesos_rank	0.000172486816644223	0.000439466505335844	0.000643729565821348
cplazo_fijo	0.000171800762306221	0.00135598722683764	0.00022022327251783
Visa_mpagosdolares_rank_lag3	0.000171166230307849	0.000446780796708679	0.000711490572749911
Master_mconsumototal_rank_lag2	0.000168712024572507	0.00036463507374312	0.000508207551964222
matm_rank_delta3	0.000167981029952165	0.000589493135479758	0.000609849062357067
vmr_mconsumospesos_lag1	0.000166885483751701	0.00051756992202351	0.000559028307160644
cmobile_app_trx_delta2	0.000166660198530157	0.000810752028651419	0.000440446545035659
Master_msaldototal_rank_delta1	0.000165423842897896	0.000236154012761629	0.000559028307160644
matm_other_rank_lag3	0.000163387937088764	0.000426697927906485	0.000542088055428504
active_quarter_delta3	0.000162915673618099	0.00022175978241411	0.000135522013857126
vm_status03_delta3	0.000162347884603791	0.00090068022140499	0.000287984279446393
ctarjeta_visa_descuentos_delta2	0.000162233987389723	8.13021972070901e-05	0.000101641510392844
ctarjeta_visa_debitos_automaticos_delta3	0.000161837441248646	0.000399084500284934	0.000118581762124985
vmr_mpagospesos_lag2	0.000161505443703903	0.000325970086334823	0.000643729565821348
Master_mconsumospesos_rank_delta3	0.000159227230241662	0.00039911487999578	0.000542088055428504
mpagomiscuentas_rank_lag1	0.000158755868683892	0.00104228309915173	0.000609849062357067
vm_mconsumototal_rank	0.000158305626319315	0.000149879619414446	0.000271044027714252
vm_status03	0.000158020713617639	0.000117383668437911	0.00023716352424997
vm_mlimitecompra_rank_lag1	0.000157687364024602	0.000268347407385216	0.000609849062357067
vmr_msaldopesos2_delta1	0.000156006710164237	0.000378580714573176	0.000575968558892785
vm_Finiciomora_lag2	0.000154288628153105	0.00143369164662988	0.000304924531178533
Master_msaldopesos_rank_delta3	0.000153037778018	0.000453257277318156	0.000542088055428504
Master_mconsumospesos_rank_lag1	0.000152478283052268	0.00042421886078437	0.000508207551964222
vmr_msaldopesos_lag1	0.000151350043255015	0.000312439835412481	0.000592908810624926
Master_msaldopesos_rank_delta1	0.000150593882166151	0.000826922757709075	0.000626789314089207
vm_msaldototal_rank_delta1	0.00014984886339737	0.000397983423760005	0.000609849062357067
Visa_fultimo_cierre_delta3	0.000148560674410246	0.000210595577065859	0.0004573867967678
mautoservicio_rank_delta1	0.000148529925569071	0.000803736872154197	0.000525147803696363
vmr_mpagospesos_delta1	0.0001478456283409	0.000860362660443672	0.000660669817553489
ctarjeta_visa	0.000147724273955209	0.000400211745471681	0.000169402517321407
ccomisiones_mantenimiento_lag3	0.000147043403725707	0.00119789038442167	0.000271044027714252
tcuentas_lag3	0.00014451186431321	0.000688810313225612	0.00023716352424997
Master_mconsumototal_rank_delta2	0.000144339082360291	0.000505774435307543	0.000491267300232081
cextraccion_autoservicio_lag3	0.000143512119757531	0.00100529422205263	0.000355745286374956
cpagomiscuentas_delta2	0.00014331997190645	0.00152608796529782	0.000287984279446393
mtarjeta_master_consumo_rank_lag3	0.000143035976952167	0.000445932420724097	0.0004573867967678
mpagomiscuentas_rank_lag2	0.000140365135979374	0.000688935291144986	0.000542088055428504
Master_mpagosdolares_rank	0.00013801853758498	0.000220269183854069	0.000372685538107096
Visa_mpagosdolares_rank_lag1	0.000137836365903253	0.000147043252302014	0.000423506293303519
cseguro_vida_lag3	0.000136567341272132	0.00099612169250013	0.00023716352424997
Master_mpagospesos_rank_delta1	0.000136442035167559	0.000353266068537219	0.000643729565821348
ctransferencias_recibidas_delta3	0.000136277580482848	0.00152193989401175	0.000389625789839237
ctarjeta_visa_transacciones_lag1	0.000136243199995384	0.000507999373140535	0.000389625789839237
vmr_msaldopesos_delta1	0.000132442045556785	0.000318561121556156	0.000474327048499941
Visa_fultimo_cierre_delta1	0.000131696597251415	0.000232741446306718	0.000559028307160644
Master_mconsumototal_rank_delta3	0.000131613970283125	0.000430218252098137	0.000559028307160644
Master_mconsumosdolares_rank_lag3	0.000131178029352224	0.000193759878248262	0.000542088055428504
vm_mconsumototal_rank_lag2	0.000130644403923478	0.000431281541977768	0.000508207551964222
vmr_mconsumosdolares_lag2	0.000130539473394612	0.000319798681187982	0.000372685538107096
vm_mconsumototal_rank_lag1	0.000129612961908943	0.000246699419494642	0.000372685538107096
vm_mconsumototal_rank_delta1	0.000129514761748245	0.000614853839864461	0.000525147803696363
Master_mpagominimo_rank_delta2	0.000129230811566214	0.000677584521285323	0.000542088055428504
Master_Finiciomora	0.00012901419527708	0.000208007774642049	3.38805034642815e-05
ctarjeta_debito_lag3	0.000128336515495045	0.000526003186879644	0.000287984279446393
Master_mpagospesos_rank_lag2	0.000127827565179458	0.000712848184235668	0.000559028307160644
vm_mpagospesos_rank_lag2	0.00012681005559615	0.000256092615535954	0.000474327048499941
mplazo_fijo_dolares_rank_lag1	0.000126156752205422	0.00054688905009341	0.000152462265589267
mcuenta_debitos_automaticos_rank_lag1	0.000125511776096167	0.00109036026992062	0.0004573867967678
Master_mconsumototal_rank_delta1	0.000125409066404507	0.000571837861245039	0.000508207551964222
matm_rank_lag1	0.000125296252035512	0.000933769554307986	0.000508207551964222
vmr_mpagospesos_lag1	0.000124811007069226	0.000225190546616608	0.000508207551964222
vm_mconsumospesos_rank_lag2	0.000124702488747532	0.000321657408150125	0.000474327048499941
ccajas_depositos	0.000124692614566867	0.00198569520376135	0.000321864782910674
vm_mconsumototal_rank_lag3	0.000124098546362869	0.000369351674246661	0.000525147803696363
Visa_msaldodolares_rank_lag3	0.000122234539762719	0.000673224769588273	0.000372685538107096
ccallcenter_transacciones_delta3	0.000122137272893472	0.000516165461975288	0.00023716352424997
mautoservicio_rank_lag1	0.000121836448057352	0.000624805150296623	0.000559028307160644
Visa_fechaalta_delta2	0.000121441554764177	0.000247620511272265	0.000389625789839237
Master_mpagominimo_rank_delta1	0.000121235902672384	0.000598291671240439	0.000508207551964222
Master_cconsumos_lag1	0.000120119382162987	0.000364582022045095	0.0004573867967678
Visa_mpagado_rank_delta3	0.000120100953153249	0.000709398620707151	0.0004573867967678
mtarjeta_master_descuentos_rank_lag2	0.000119549214767992	0.000454177015544306	0.000254103775982111
tcuentas_lag1	0.000119270808123601	0.00214859888344575	0.000440446545035659
vmr_mconsumosdolares_lag1	0.000117302703378116	0.000597594253843789	0.000372685538107096
internet_delta3	0.000116878727574728	0.00144010263038751	0.000440446545035659
Master_mconsumospesos_rank_delta1	0.000116808651889642	0.000279279478655785	0.000389625789839237
Master_mconsumosdolares_rank	0.000114782106603467	0.000141017842721036	0.000474327048499941
vm_mconsumospesos_rank_delta1	0.000114683995825298	0.000291882885206742	0.000389625789839237
Master_fechaalta_delta2	0.000114024641014485	0.000137903508774089	0.000423506293303519
vm_mconsumosdolares_rank_lag2	0.000113798414385961	0.00142202775519605	0.000508207551964222
Master_Fvencimiento_delta2	0.000113517139826348	0.000273535419788007	0.000423506293303519
vmr_mconsumototal_delta2	0.000113028902346612	0.000686537625104532	0.000508207551964222
ctarjeta_visa_transacciones_delta1	0.000112755148263103	0.00216990303166344	0.000406566041571378
mplazo_fijo_dolares_rank_lag3	0.00011269342207247	0.00107383148889961	0.000287984279446393
mv_status07_rank_delta1	0.000112128354245954	0.00258104391571083	0.000575968558892785
ctarjeta_debito_delta3	0.000111567094473763	0.0013316222099562	0.000304924531178533
vm_mconsumospesos_rank_lag1	0.000110829269574318	0.000250925470385044	0.000423506293303519
vmr_mconsumospesos_delta2	0.000110826168746758	0.000319490447438575	0.000474327048499941
Master_cconsumos_delta3	0.00010941580151088	0.000191653451366493	0.000287984279446393
matm_other_rank_delta3	0.000109272014841595	0.000361791412492193	0.000338805034642815
Visa_msaldodolares_rank	0.000107120782468706	0.000138830052356258	0.000169402517321407
vm_status05_delta2	0.000107056452159445	0.000316393108082349	0.000169402517321407
mcheques_depositados_rank	0.000106975091057332	0.000635546295612145	0.000135522013857126
cseguro_accidentes_personales_lag3	0.000106538360523971	0.000705081769072077	0.000287984279446393
Master_fechaalta_delta1	0.000105865336519986	0.000136916769750007	0.000355745286374956
mtarjeta_master_consumo_rank_delta1	0.00010569260847697	0.00178847861824068	0.000406566041571378
Visa_mpagado_rank_lag2	0.000105503102412191	0.000242048240645647	0.000372685538107096
mforex_sell_rank_lag3	0.000105342055145969	0.000689826003211762	0.000321864782910674
vm_mpagado_rank_delta2	0.000105035216244657	0.000906072394488346	0.000287984279446393
cseguro_accidentes_personales	0.00010488523634856	0.000462800943164924	0.000304924531178533
mplazo_fijo_dolares_rank_lag2	0.000104532091946333	0.00106995149600257	0.000287984279446393
ctransferencias_recibidas_delta2	0.000103975708149456	0.00147319421920963	0.000271044027714252
cpagomiscuentas_delta3	0.00010389311683811	0.000551211240737074	0.000135522013857126
vm_mconsumosdolares_rank_lag3	0.000103817341677696	0.000493434369715459	0.000423506293303519
Visa_mpagosdolares_rank_lag2	0.000102492650637313	0.000267948711279006	0.000474327048499941
Master_madelantopesos_rank	0.000101995747068116	0.000118301865119327	0.000169402517321407
ctarjeta_master_transacciones_lag3	0.000101646658442137	0.000364570554456223	0.00023716352424997
Master_mpagosdolares_rank_lag3	0.000100431865050644	0.000156222399217275	0.000474327048499941
mtarjeta_master_consumo_rank_delta2	0.000100002995778592	0.000448960428165966	0.000287984279446393
Visa_delinquency_lag2	9.952485940156e-05	0.000169373354937859	0.000135522013857126
mpagomiscuentas_rank_delta1	9.92095272665341e-05	0.000607606022908428	0.000271044027714252
vm_msaldototal_rank_lag2	9.87639583018196e-05	0.000186557668457151	0.000389625789839237
Master_cconsumos_delta2	9.77721697686808e-05	0.000411020493163566	0.000338805034642815
Visa_fechaalta_delta3	9.75193580290838e-05	0.000150647797474231	0.000389625789839237
vmr_mconsumosdolares	9.71507080396551e-05	0.000759099113277774	0.000287984279446393
vm_status02_delta3	9.71481800606644e-05	0.000140924034084202	0.000271044027714252
cprestamos_personales_lag2	9.66992907776731e-05	0.00173301425231266	0.000338805034642815
vm_fultimo_cierre_delta2	9.61281698498786e-05	0.000142967972006283	0.000304924531178533
cextraccion_autoservicio_delta3	9.61002475140594e-05	0.000218369474361205	0.000254103775982111
vmr_mconsumototal_delta1	9.59619729256612e-05	0.000324188812595877	0.000321864782910674
mtarjeta_visa_descuentos_rank_delta1	9.46380472361002e-05	0.000298428396941359	0.000169402517321407
cpayroll_trx_delta3	9.34298632701651e-05	0.000219271014839769	8.47012586607037e-05
Visa_madelantodolares_rank	9.30315998093678e-05	0.000141243547429219	0.00022022327251783
mv_status07_rank_delta3	9.29887330810614e-05	0.0011479306867439	0.000338805034642815
Visa_mpagosdolares_rank	9.16156818028086e-05	0.000142740011378978	0.0004573867967678
cinversion1	9.1101003375748e-05	0.000522685557021128	8.47012586607037e-05
ccomisiones_otras_delta1	9.04414986259237e-05	0.000680199244343991	0.000389625789839237
mextraccion_autoservicio_rank_lag1	8.97226179159351e-05	0.000276681674990534	0.000304924531178533
ccajas_consultas_delta1	8.73374862708497e-05	0.00124382935744782	0.000203283020785689
Master_mconsumosdolares_rank_lag1	8.62084323011352e-05	9.0342191511159e-05	0.000338805034642815
vm_fechaalta_delta3	8.6000561078464e-05	0.000105918297886836	0.000169402517321407
mv_status07_rank	8.58832347209487e-05	0.000913681384095854	0.000271044027714252
Master_mpagado_rank_lag2	8.53752506225155e-05	0.000455583693912998	0.000203283020785689
mplazo_fijo_dolares_rank_delta2	8.46358688679728e-05	0.000607268274217172	0.000169402517321407
Master_mconsumosdolares_rank_delta3	8.42524926944099e-05	9.92298360771705e-05	0.000254103775982111
mtarjeta_master_consumo_rank_delta3	8.40957990610811e-05	0.000308281123707879	0.000271044027714252
vm_Fvencimiento_delta3	8.35925987124843e-05	0.000299653774609925	0.000304924531178533
mforex_sell_rank_delta3	8.28789409851072e-05	0.00082819370494391	0.000287984279446393
cpayroll_trx_lag3	8.26757791599491e-05	0.000584512667636215	0.000152462265589267
Visa_mpagado_rank	8.22230433953501e-05	0.000358545708855026	0.000321864782910674
mtarjeta_master_consumo_rank_lag2	8.2131994328502e-05	0.00029816234887954	0.000304924531178533
mcuenta_debitos_automaticos_rank_delta1	8.17580375313667e-05	0.000725233330611544	0.000304924531178533
ccajas_extracciones	8.06278146573395e-05	0.00177713089387183	0.000287984279446393
Visa_mpagado_rank_lag1	8.02722457616865e-05	0.000369207972198572	0.000338805034642815
vm_fultimo_cierre_delta3	8.01398799935258e-05	0.000151851330325963	0.00022022327251783
Visa_delinquency_delta1	7.98917550754135e-05	0.000239816723048549	0.000135522013857126
catm_trx_lag3	7.98420825402631e-05	0.00100043312992931	0.000287984279446393
cextraccion_autoservicio_delta2	7.9483914530464e-05	0.00080611367094277	0.000304924531178533
mcheques_emitidos_rank_lag2	7.88648222343767e-05	0.000693442091170155	0.00023716352424997
Master_mpagosdolares_rank_lag1	7.7822436129799e-05	9.47467608014372e-05	0.000254103775982111
Visa_mpagosdolares_rank_delta1	7.72773359682199e-05	7.17870311385668e-05	0.000254103775982111
cmobile_app_trx_delta1	7.72432078050162e-05	0.00173903661640282	0.000355745286374956
Master_Fvencimiento_delta1	7.64476117619973e-05	8.10138907432638e-05	0.000271044027714252
ctransferencias_recibidas_lag2	7.62364956681032e-05	0.00150292794761555	0.000304924531178533
Visa_Fvencimiento_delta2	7.61497409841178e-05	8.45071815041006e-05	0.000186342769053548
matm_other_rank_lag2	7.47539940110686e-05	0.000255892365115201	0.000287984279446393
Visa_madelantodolares_rank_delta1	7.44984561797324e-05	4.51682382580246e-05	0.000101641510392844
ccajas_extracciones_delta2	7.42675045928796e-05	0.00119192084643762	0.000254103775982111
Visa_cadelantosefectivo_lag1	7.41923456094716e-05	3.06131608770875e-05	0.000152462265589267
vmr_mpagado_delta2	7.31507133945562e-05	0.0008587017399899	0.000254103775982111
Master_mpagospesos_rank_delta2	7.29782031387218e-05	0.000220433339568867	0.000355745286374956
Master_mpagosdolares_rank_lag2	7.28259885146267e-05	0.000107903544313087	0.000321864782910674
vm_fechaalta_delta2	7.2421163215546e-05	8.90291337860411e-05	0.000118581762124985
Visa_mpagosdolares_rank_delta2	7.18567836116048e-05	0.000349875835681618	0.000287984279446393
mplazo_fijo_dolares_rank_delta1	7.15962565394222e-05	0.000913027919523436	0.000169402517321407
Visa_mpagado_rank_lag3	7.15210127032126e-05	0.000151733684143736	0.00022022327251783
Visa_madelantopesos_rank_delta1	7.09817254723963e-05	2.95351323258582e-05	0.000152462265589267
ctarjeta_master_descuentos_delta1	7.0936286908846e-05	0.000123057192234466	0.000118581762124985
matm_rank_delta2	6.99223119261837e-05	0.000306388783550813	0.00023716352424997
minversion2_rank_lag3	6.96583477737563e-05	0.000167558129616123	0.000118581762124985
vmr_Visa_mlimitecompra_delta2	6.96541681365463e-05	0.000792768555783063	0.00022022327251783
vm_cconsumos_lag1	6.96473503421216e-05	0.000503761065089568	0.000186342769053548
cseguro_vida_delta2	6.95050902985641e-05	0.00189989421504197	0.000321864782910674
vmr_mpagado_lag1	6.90254654675564e-05	0.000668203620003226	0.000271044027714252
vm_status03_lag3	6.89031173568094e-05	1.67102321157468e-05	6.7761006928563e-05
vmr_Master_mlimitecompra_delta3	6.83676632194909e-05	0.000302873647973143	0.00022022327251783
mcajeros_propios_descuentos_rank_delta2	6.655010466425e-05	0.000153122841540579	0.000135522013857126
Master_cconsumos_delta1	6.59078861369982e-05	0.000198134707004778	0.000304924531178533
cplazo_fijo_delta1	6.58598959795516e-05	0.00104537111404226	0.000169402517321407
vmr_msaldodolares2_lag3	6.5747107079802e-05	0.00141830763176747	0.000304924531178533
Visa_mpagosdolares_rank_delta3	6.42556393324063e-05	8.85945685657876e-05	0.000338805034642815
vmr_Visa_mlimitecompra_delta3	6.4252338696941e-05	0.000550685611581584	0.000169402517321407
Visa_Fvencimiento_delta3	6.41180048710412e-05	0.000302704529236276	0.000254103775982111
mttarjeta_master_debitos_automaticos_rank_delta2	6.29013550173187e-05	0.00125776127476988	0.000271044027714252
Master_cadelantosefectivo_lag2	6.25631929656905e-05	7.12739223342062e-05	0.000271044027714252
ctransferencias_recibidas_lag3	6.21482567783533e-05	0.0006399080024391	0.00022022327251783
Master_madelantopesos_rank_delta1	6.16499298581463e-05	6.34049004492042e-05	0.000186342769053548
Master_madelantopesos_rank_lag3	6.07159278143599e-05	7.70136949556527e-05	0.000254103775982111
mtarjeta_visa_descuentos_rank_delta2	6.01885827999063e-05	5.60484609874342e-05	8.47012586607037e-05
mcheques_emitidos_rank_lag3	5.96491967305449e-05	0.000215614057146611	0.000118581762124985
Visa_Fvencimiento_delta1	5.95086275418726e-05	7.81726358060674e-05	0.000135522013857126
mextraccion_autoservicio_rank_delta1	5.90529320275499e-05	0.000629450952538377	0.000254103775982111
mprestamos_prendarios_rank	5.89216424467122e-05	0.000104537111404226	1.69402517321407e-05
mcaja_ahorro_adicional_rank_delta3	5.86389034390047e-05	4.24909886410173e-06	1.69402517321407e-05
vm_Fvencimiento_delta2	5.80719727829472e-05	8.80570206376024e-05	0.000152462265589267
cplazo_fijo_delta3	5.72554869542611e-05	0.000196824807566431	3.38805034642815e-05
mtarjeta_visa_consumo_rank_lag1	5.62125988039406e-05	0.000326357352450813	0.000287984279446393
Master_madelantodolares_rank_lag3	5.59159015997354e-05	4.60669212390333e-05	0.000186342769053548
ctransferencias_emitidas_delta3	5.58321917975434e-05	0.00033171023494279	0.000152462265589267
vmr_msaldodolares2_delta3	5.57424270062211e-05	0.00141763728540028	0.000304924531178533
matm_other_rank_delta1	5.47385827063342e-05	0.000951964519594055	0.000203283020785689
minversion2_rank_lag2	5.46840862067494e-05	0.000546389777593	0.000118581762124985
Master_delinquency_lag1	5.45684626246757e-05	7.11283027548636e-05	0.000186342769053548
Master_cadelantosefectivo_lag3	5.43354986770018e-05	4.6880104885308e-05	0.000203283020785689
cproductos_lag1	5.36216476291159e-05	0.000105622283699342	3.38805034642815e-05
ccajas_extracciones_lag2	5.34736491509418e-05	0.000733538910445358	0.000186342769053548
ctarjeta_master_transacciones_delta2	5.33138013074433e-05	0.000262609176308503	0.000118581762124985
ccajas_otras_delta3	5.31554882317328e-05	0.000724340099435081	0.000135522013857126
Master_mpagosdolares_rank_delta1	5.30862022440579e-05	3.49291101445125e-05	0.000118581762124985
Master_mconsumosdolares_rank_lag2	5.2882692998286e-05	7.46464838233495e-05	0.00023716352424997
vm_mconsumosdolares_rank_delta2	5.27204520734313e-05	0.000653520218422884	0.00022022327251783
catm_trx_lag2	5.25493882892084e-05	0.000340265845812655	0.000169402517321407
matm_rank	5.25355470222396e-05	0.000204018745654094	0.00022022327251783
cpagomiscuentas_lag3	5.23948541345811e-05	0.000319789206327668	0.000152462265589267
Visa_msaldodolares_rank_lag2	5.21113163755932e-05	0.000296764092608904	0.000186342769053548
matm_other_rank_delta2	5.17555006516748e-05	0.000314257730238511	0.00022022327251783
vm_mconsumosdolares_rank_lag1	5.15027849691131e-05	0.00111715923554173	0.00023716352424997
cseguro_auto	5.13945979598517e-05	0.00146351955965916	0.00023716352424997
internet_delta2	5.10539820134587e-05	5.77326550068177e-05	5.08207551964222e-05
Master_mpagado_rank_delta1	5.06405576269058e-05	0.00101430770930701	0.00023716352424997
cpayroll_trx_delta2	5.05505599483787e-05	0.00102123195226361	0.000186342769053548
cliente_vip_delta2	5.02935404101824e-05	6.55720491540139e-06	3.38805034642815e-05
vm_Finiciomora_delta2	5.00592809045537e-05	0.00104298359963785	0.000169402517321407
Master_mconsumosdolares_rank_delta1	4.9805814013303e-05	7.83878504903321e-05	0.000203283020785689
ctarjeta_debito_delta1	4.84962540505067e-05	0.00177713089387183	0.000287984279446393
vmr_mconsumospesos_delta1	4.8467327779592e-05	0.000332193490417432	0.000186342769053548
vmr_mconsumosdolares_delta2	4.83905289789296e-05	0.000271593938192728	0.000152462265589267
ccajas_extracciones_delta3	4.74991845698819e-05	0.000531056032128359	0.000152462265589267
matm_rank_delta1	4.72524489767617e-05	0.000334819154683843	0.000186342769053548
matm_other_rank_lag1	4.72168087446764e-05	0.00016447173146764	0.000101641510392844
vm_mpagospesos_rank_lag1	4.69221974046408e-05	0.000177154884759569	0.00022022327251783
mforex_buy_rank_delta3	4.6764337860229e-05	0.000740290162003927	0.000135522013857126
Master_delinquency_delta2	4.65039907874696e-05	0.00091878848419946	0.000203283020785689
Visa_madelantopesos_rank	4.62124470169629e-05	0.000104257264637108	0.000254103775982111
ccajas_otras_lag3	4.56646986347452e-05	0.00091318869135955	0.000186342769053548
ctarjeta_debito_lag2	4.56610559964661e-05	0.00132881644814653	0.00023716352424997
mttarjeta_master_debitos_automaticos_rank	4.55335513242185e-05	0.00154700819367955	0.000271044027714252
Visa_madelantodolares_rank_lag2	4.5528720882511e-05	2.95072341260461e-05	0.000135522013857126
ccaja_ahorro_delta1	4.5436747816506e-05	0.00114546744865429	0.000186342769053548
ctarjeta_debito_transacciones	4.53756612613951e-05	0.000116056135231758	6.7761006928563e-05
ctarjeta_master_transacciones_delta3	4.51941159890545e-05	0.000221791590873734	8.47012586607037e-05
vm_status02_delta1	4.47726278160105e-05	3.61068503209462e-05	0.000101641510392844
mcheques_emitidos_rank_delta1	4.44194730920361e-05	0.0012537598006281	0.000203283020785689
ctarjeta_visa_descuentos_delta1	4.41207926602519e-05	5.91241811187386e-05	6.7761006928563e-05
ctarjeta_master_descuentos_delta2	4.39815089535433e-05	2.95493822149805e-05	3.38805034642815e-05
vmr_mpagado	4.39008449044609e-05	0.000366175189727895	0.000118581762124985
ctarjeta_visa_debitos_automaticos_lag3	4.3473203048961e-05	0.00056974083402628	0.000135522013857126
cextraccion_autoservicio_lag2	4.27833039273007e-05	0.000397913001484738	0.000203283020785689
Master_madelantopesos_rank_lag2	4.26237551910449e-05	4.80067108949702e-05	0.00023716352424997
vm_mconsumosdolares_rank	4.20951810397475e-05	0.000200108260250245	0.000118581762124985
vm_fechaalta_delta1	4.14696342642154e-05	2.62408888289097e-05	0.000118581762124985
cmobile_app_trx	4.14322283796637e-05	0.000866634153202238	0.000186342769053548
vmr_msaldodolares2_delta2	4.14288448127609e-05	0.000688538362175422	0.000186342769053548
catm_trx_delta3	4.12194061144286e-05	0.000386537078126862	0.000186342769053548
mprestamos_prendarios_rank_lag3	4.10568009793655e-05	0.000499919874001425	8.47012586607037e-05
vm_status05_lag2	4.10202453736658e-05	6.94436199530036e-05	3.38805034642815e-05
Visa_cadelantosefectivo_delta1	4.07860319807761e-05	3.09076711184999e-05	0.000101641510392844
ccajas_depositos_delta3	4.05882419322418e-05	0.000458446154489943	0.000101641510392844
vm_mpagado_rank_delta1	4.05395068440518e-05	0.000743187326136703	0.000169402517321407
Visa_mpagado_rank_delta1	3.98715900046355e-05	0.000321723844968276	0.000186342769053548
vmr_msaldodolares2_delta1	3.93023789127789e-05	0.000730142699404083	0.000169402517321407
mttarjeta_master_debitos_automaticos_rank_lag3	3.91626976177456e-05	0.000280788312562064	0.000135522013857126
Master_mpagado_rank_delta3	3.91369987023623e-05	5.26689061490118e-05	0.000101641510392844
mcaja_ahorro_adicional_rank_delta1	3.91004766088275e-05	0.00165958938629267	0.000271044027714252
mtarjeta_visa_descuentos_rank_lag3	3.87607944453981e-05	0.000332078927324673	0.000118581762124985
Visa_msaldodolares_rank_delta2	3.86068263335779e-05	0.000410573557986792	0.000152462265589267
Master_mpagado_rank	3.85835293914452e-05	7.04462256082449e-05	0.000118581762124985
vm_status04_delta1	3.80435300941484e-05	4.81454123223378e-05	1.69402517321407e-05
Master_madelantodolares_rank_lag2	3.79803063565728e-05	3.46170789312504e-05	0.000135522013857126
cseguro_vida_lag2	3.77123855792222e-05	0.000245040040585603	5.08207551964222e-05
ccajeros_propios_descuentos_delta1	3.72744611191327e-05	6.29953007339038e-05	8.47012586607037e-05
ccajas_extracciones_lag3	3.7150435322385e-05	0.000350513057636355	0.000152462265589267
ctarjeta_visa_lag2	3.71217844321002e-05	0.00131344517922716	0.00022022327251783
Master_mpagado_rank_delta2	3.66338286332812e-05	0.000592526068345043	0.000152462265589267
Master_madelantodolares_rank_lag1	3.65077388446369e-05	5.79035032816777e-05	0.00023716352424997
ccajeros_propios_descuentos_lag3	3.50047535917154e-05	0.000704847980653706	0.000152462265589267
Master_mconsumosdolares_rank_delta2	3.47515971788038e-05	4.89976609680798e-05	0.000203283020785689
ctarjeta_master_transacciones_lag2	3.47307383814165e-05	0.000146440282719283	8.47012586607037e-05
Visa_msaldodolares_rank_delta1	3.42134678386669e-05	0.00012282479496622	0.000118581762124985
vm_mpagado_rank_delta3	3.40471298952595e-05	0.000269574439394471	0.000101641510392844
Visa_msaldodolares_rank_delta3	3.37231521578764e-05	0.000311570780169278	0.000152462265589267
ctransferencias_emitidas_lag3	3.30598407835792e-05	0.000580749719342963	0.000169402517321407
ctarjeta_debito_transacciones_lag1	3.30173315630482e-05	0.000578349985376647	0.000169402517321407
Visa_madelantopesos_rank_lag2	3.29620031127984e-05	4.41601807982378e-05	0.000186342769053548
mv_status07_rank_lag2	3.28995344936644e-05	0.000267375858216558	0.000135522013857126
ccajas_depositos_delta1	3.24558629207039e-05	0.000522685557021128	8.47012586607037e-05
vmr_msaldodolares_lag1	3.23881211624183e-05	0.000577362757570089	0.000152462265589267
cplazo_fijo_lag2	3.20095231538547e-05	0.000269231013306757	5.08207551964222e-05
cproductos_lag2	3.18994994992235e-05	0.000132539534679761	8.47012586607037e-05
mprestamos_hipotecarios_rank_lag3	3.15692191513236e-05	0.00122384469632475	0.00022022327251783
ctarjeta_visa_lag1	3.14567771695054e-05	0.000836296891233804	0.000135522013857126
vmr_mpagado_lag2	3.14406945475071e-05	0.000128444853479578	0.000118581762124985
vm_status05_delta1	3.14134444210335e-05	0.000163916700166257	6.7761006928563e-05
vm_msaldodolares_rank_delta1	3.11306314184658e-05	0.000265485172400182	6.7761006928563e-05
mcajeros_propios_descuentos_rank_lag3	3.10211808665378e-05	0.000121165792043702	8.47012586607037e-05
Visa_delinquency_lag3	3.07546131316756e-05	1.40142207713727e-05	6.7761006928563e-05
Master_madelantopesos_rank_lag1	3.07250355630062e-05	4.98820188626622e-05	0.000135522013857126
vmr_mpagosdolares_lag1	3.05413672726758e-05	0.000749219766665613	0.000152462265589267
vm_mpagado_rank_lag3	3.05112642332603e-05	0.000128815576188672	0.000118581762124985
cmobile_app_trx_lag1	3.02575397898514e-05	0.000537345609838555	0.000135522013857126
Visa_msaldodolares_rank_lag1	3.00494327392829e-05	4.88042535019971e-05	8.47012586607037e-05
vmr_Master_mlimitecompra_delta2	2.99011156637494e-05	4.85963329562278e-05	0.000118581762124985
ctarjeta_master_descuentos_lag2	2.96071633962908e-05	0.000171603894970004	5.08207551964222e-05
Master_delinquency_lag2	2.89259563471897e-05	0.00043829060749336	0.000118581762124985
vmr_msaldodolares2_lag2	2.8836667607341e-05	0.000435218985615128	0.000118581762124985
Master_madelantopesos_rank_delta3	2.85072025433895e-05	5.99770689415652e-05	0.000118581762124985
ctarjeta_visa_debitos_automaticos_lag2	2.84597485135575e-05	0.000479163763735841	8.47012586607037e-05
Visa_status_lag3	2.84487562553633e-05	0.000620237628448413	0.000152462265589267
ctransferencias_emitidas_delta1	2.81169299689537e-05	0.00102973342107454	0.000169402517321407
cseguro_accidentes_personales_lag2	2.7949441888046e-05	0.000244011228669892	8.47012586607037e-05
vm_cconsumos	2.7683768257744e-05	0.000386489478233382	0.000152462265589267
Visa_madelantopesos_rank_lag1	2.73086239682151e-05	4.24643687953745e-05	0.000135522013857126
mtarjeta_master_consumo_rank_lag1	2.72383007008406e-05	0.000838042634246574	0.000186342769053548
cpagomiscuentas	2.71473007851678e-05	0.000833191618561998	0.000135522013857126
mcheques_depositados_rank_lag3	2.67951229631426e-05	0.000286700550200409	6.7761006928563e-05
vmr_mpagosdolares_delta2	2.6645382299221e-05	0.000880674580234081	0.000152462265589267
ccajas_depositos_lag1	2.65430978992757e-05	0.00114990822544648	0.000186342769053548
vmr_Master_mlimitecompra_delta1	2.62495673489005e-05	0.000605087740392237	0.000152462265589267
mprestamos_hipotecarios_rank_lag2	2.58222165577238e-05	0.000649508931032922	0.000118581762124985
vm_mpagosdolares_rank_delta2	2.55765725675226e-05	0.000554365015670009	0.000118581762124985
cforex_buy_delta3	2.54478672661128e-05	0.000433823436447439	8.47012586607037e-05
ctransferencias_emitidas_delta2	2.54380513295906e-05	0.000356135936048616	0.000101641510392844
mcajeros_propios_descuentos_rank_lag2	2.5016536570229e-05	0.0001500808098015	8.47012586607037e-05
ccuenta_debitos_automaticos_delta3	2.47767639113235e-05	0.000443027887255521	8.47012586607037e-05
mtarjeta_master_descuentos_rank_lag3	2.47091542356506e-05	0.000210619377012599	8.47012586607037e-05
mv_status07_rank_lag1	2.46841564841233e-05	0.000252993133056562	0.000118581762124985
mprestamos_prendarios_rank_delta2	2.4438284879298e-05	0.000212382716194522	5.08207551964222e-05
vmr_mpagosdolares_lag2	2.43788428778274e-05	0.000446764704485607	0.000101641510392844
Master_madelantodolares_rank	2.43178581996979e-05	4.43394135725022e-05	0.000152462265589267
cinversion1_lag1	2.43087210409055e-05	0.000418148445616902	6.7761006928563e-05
ccallcenter_transacciones_lag2	2.42114707043274e-05	6.96557139491491e-05	5.08207551964222e-05
cpayroll_trx_delta1	2.42066149256777e-05	0.00094083400263803	0.000152462265589267
cprestamos_prendarios_delta2	2.41882277391216e-05	0.00122484087261049	0.000203283020785689
vmr_mpagado_delta3	2.4041737040272e-05	0.000142534158759071	8.47012586607037e-05
vmr_msaldodolares_delta3	2.39124592617194e-05	0.000414944927667321	0.000101641510392844
Visa_cadelantosefectivo_lag3	2.3888884436715e-05	3.88890753744431e-05	0.000186342769053548
Visa_madelantodolares_rank_lag3	2.3794036051046e-05	2.11621005102887e-05	0.000101641510392844
mcheques_emitidos_rechazados_rank_lag3	2.36860821747452e-05	3.43384353209978e-05	1.69402517321407e-05
cseguro_vivienda_lag3	2.35849068934105e-05	4.47100610842913e-05	5.08207551964222e-05
mttarjeta_master_debitos_automaticos_rank_delta3	2.35441791572258e-05	0.000315105692637921	0.000101641510392844
ccallcenter_transacciones_delta1	2.33039446560047e-05	0.000596726852941276	0.000118581762124985
mtarjeta_master_descuentos_rank_lag1	2.32277315586195e-05	5.58233954563356e-05	5.08207551964222e-05
mtarjeta_visa_descuentos_rank_delta3	2.31308742527116e-05	3.29188606146567e-05	8.47012586607037e-05
mv_status07_rank_lag3	2.28224064814525e-05	8.85122275178247e-05	8.47012586607037e-05
mcheques_depositados_rank_delta3	2.27706899723388e-05	0.000513344397514236	0.000101641510392844
vm_Fvencimiento_delta1	2.24156566457642e-05	7.6940527978787e-05	0.000118581762124985
Visa_cadelantosefectivo_lag2	2.20750302435758e-05	2.70847529752473e-05	0.000101641510392844
mtarjeta_visa_descuentos_rank	2.20559396590192e-05	0.000105335969964074	6.7761006928563e-05
vm_msaldodolares_rank_lag3	2.18201943580462e-05	0.000207399804438597	8.47012586607037e-05
Master_mpagosdolares_rank_delta2	2.14941167148965e-05	2.76858802240284e-05	0.000135522013857126
catm_trx_other_delta2	2.12411833261407e-05	2.91564387025329e-05	1.69402517321407e-05
Master_msaldodolares_rank	2.11841330655397e-05	4.25111791171616e-05	8.47012586607037e-05
catm_trx_delta2	2.09773283786881e-05	0.000182802465486218	8.47012586607037e-05
ccheques_depositados_lag3	2.08537650051335e-05	0.000450310670957949	8.47012586607037e-05
cpagomiscuentas_lag2	2.0439733020689e-05	0.000145079098719557	5.08207551964222e-05
mtarjeta_master_descuentos_rank_delta1	1.99712334911702e-05	9.90033041986425e-05	8.47012586607037e-05
minversion1_pesos_rank	1.99377270456503e-05	0.000104537111404226	1.69402517321407e-05
ccaja_seguridad_delta3	1.98908037591449e-05	0.000867787003071023	0.000152462265589267
vm_status02_lag3	1.98230296504494e-05	0.000110837479927556	5.08207551964222e-05
mcheques_emitidos_rank_delta2	1.98216720949896e-05	0.000445333586993091	0.000101641510392844
ctransferencias_recibidas	1.97877339234195e-05	0.000819135888878776	0.000135522013857126
mcaja_ahorro_adicional_rank_lag2	1.96686642184018e-05	0.000153677722447353	5.08207551964222e-05
vm_status05_lag3	1.95774278408932e-05	3.83893892888601e-05	3.38805034642815e-05
ctransferencias_emitidas_lag2	1.95561546760591e-05	0.000680776233258164	0.000118581762124985
mcheques_emitidos_rechazados_rank_lag2	1.94271367731748e-05	3.68083283720164e-05	5.08207551964222e-05
mforex_sell_rank_lag2	1.9000146036698e-05	8.9521751325041e-05	6.7761006928563e-05
catm_trx_other_lag2	1.88584483817253e-05	3.93538699109351e-05	3.38805034642815e-05
mcheques_depositados_rank_delta2	1.87401659891689e-05	9.70265174691003e-05	3.38805034642815e-05
vmr_mconsumosdolares_delta3	1.87071149516289e-05	0.000189769119722312	8.47012586607037e-05
mtarjeta_master_descuentos_rank_delta2	1.85785120633952e-05	9.89577722310246e-05	8.47012586607037e-05
vm_mpagosdolares_rank_lag2	1.85324384666609e-05	7.72033049578795e-05	5.08207551964222e-05
Master_cadelantosefectivo_delta1	1.84246941754396e-05	1.81967324227154e-05	0.000101641510392844
ctarjeta_visa_debitos_automaticos	1.8224537899964e-05	0.000811062969503773	0.000135522013857126
Master_mpagosdolares_rank_delta3	1.81926571072233e-05	1.65092673206045e-05	6.7761006928563e-05
ctarjeta_visa_descuentos_delta3	1.80038249050575e-05	0.000209187921132214	8.47012586607037e-05
Master_delinquency_delta3	1.76942657989768e-05	1.90127359678929e-05	8.47012586607037e-05
vm_status04_lag3	1.76500779541045e-05	1.81151057491412e-05	8.47012586607037e-05
vmr_mpagado_lag3	1.75136440325358e-05	0.000192994820876595	8.47012586607037e-05
ctarjeta_visa_descuentos	1.71017219293124e-05	0.000602093120553378	0.000101641510392844
ccheques_emitidos_rechazados_lag2	1.65117721693108e-05	1.75653758576957e-05	1.69402517321407e-05
vm_mconsumosdolares_rank_delta3	1.63770554110731e-05	7.20626668566563e-05	6.7761006928563e-05
vm_status06_lag3	1.61331215243068e-05	0.000119052334214003	0.000118581762124985
vmr_mpagosdolares_delta1	1.59332297715197e-05	0.000243515979225249	5.08207551964222e-05
mcajeros_propios_descuentos_rank_lag1	1.58116478158873e-05	4.83661540084521e-06	1.69402517321407e-05
mforex_sell_rank_lag1	1.58070642453827e-05	0.000325129718863125	6.7761006928563e-05
ctarjeta_master_delta3	1.56692087824605e-05	7.32270971102685e-05	5.08207551964222e-05
mpagodeservicios_rank_lag3	1.56334136794903e-05	0.000887610102786287	0.000152462265589267
ccallcenter_transacciones_lag1	1.55952157096118e-05	0.000720629676458726	0.000118581762124985
Master_cadelantosefectivo_delta2	1.55660181242098e-05	2.38065265040669e-05	5.08207551964222e-05
ctransferencias_emitidas	1.53513213225173e-05	0.000924871382119404	0.000152462265589267
catm_trx_other_delta3	1.52669502024332e-05	0.000168161851171895	5.08207551964222e-05
mcaja_ahorro_adicional_rank	1.51490193748284e-05	0.000833852076483695	0.000135522013857126
Master_mpagado_rank_lag3	1.48717924480085e-05	4.83038906406774e-05	8.47012586607037e-05
ccajas_depositos_delta2	1.47128806216179e-05	0.000200777854644387	5.08207551964222e-05
cinversion1_lag3	1.46323170196645e-05	0.000109216414044944	3.38805034642815e-05
mcajeros_propios_descuentos_rank_delta3	1.45066376433334e-05	5.32674766894544e-05	5.08207551964222e-05
minversion2_rank_lag1	1.44216051271622e-05	0.000625111203324212	0.000101641510392844
cprestamos_hipotecarios_lag2	1.4404753512686e-05	0.000502072284034636	8.47012586607037e-05
ctransferencias_recibidas_lag1	1.42723456085633e-05	0.000307499936514488	6.7761006928563e-05
mforex_buy_rank_delta2	1.4161476643084e-05	0.000515252641901113	8.47012586607037e-05
Master_msaldodolares_rank_lag3	1.41432067044222e-05	2.13545304114184e-05	6.7761006928563e-05
Master_delinquency_delta1	1.40386201527949e-05	3.78275902301105e-05	3.38805034642815e-05
matm_other_rank	1.39300750548805e-05	3.77246451208309e-05	5.08207551964222e-05
vmr_mpagosdolares_lag3	1.38942929993132e-05	0.000215260028239023	6.7761006928563e-05
ccuenta_debitos_automaticos_delta1	1.38366027457278e-05	0.00061969993012562	0.000101641510392844
vmr_msaldodolares_delta2	1.36258541238928e-05	0.000398042904827529	8.47012586607037e-05
ccheques_depositados	1.35741090177317e-05	0.000104537111404226	1.69402517321407e-05
cextraccion_autoservicio_delta1	1.34746130086401e-05	0.0006218093273009	0.000101641510392844
vm_mpagado_rank_lag2	1.34601834747135e-05	0.000135001193625983	6.7761006928563e-05
Master_mpagado_rank_lag1	1.33453040414327e-05	0.000106265446241102	5.08207551964222e-05
mcheques_emitidos_rank_lag1	1.32153198264434e-05	0.000624686488950792	0.000101641510392844
cliente_edad_delta3	1.31716956561853e-05	8.66304149833302e-05	5.08207551964222e-05
vm_status02_lag2	1.30123030419352e-05	0.000215867472061346	0.000101641510392844
Master_msaldodolares_rank_delta3	1.29823513881394e-05	1.08353675375284e-05	3.38805034642815e-05
minversion2_rank_delta2	1.28638055452838e-05	3.39275196528761e-06	1.69402517321407e-05
cplazo_fijo_lag3	1.281312353436e-05	0.000526514114962186	0.000101641510392844
vm_mpagado_rank_lag1	1.26215563820729e-05	0.00012828712713428	6.7761006928563e-05
vmr_msaldodolares2_lag1	1.25141190622823e-05	1.66760925396965e-05	3.38805034642815e-05
vm_status03_lag2	1.24729714856954e-05	2.62376177461824e-05	6.7761006928563e-05
vm_status01_lag1	1.24208046624508e-05	0.000168025142473085	6.7761006928563e-05
ctarjeta_master_descuentos_lag1	1.2333294569585e-05	1.33934294275757e-05	1.69402517321407e-05
ccuenta_debitos_automaticos_delta2	1.22979017913255e-05	9.92640132518729e-05	3.38805034642815e-05
vm_status03_delta2	1.21539060061306e-05	0.000116377340516118	3.38805034642815e-05
ccajas_consultas_lag3	1.1923253303106e-05	4.61056478506323e-05	3.38805034642815e-05
Visa_Finiciomora_lag3	1.17242278621238e-05	0.000197313138859099	3.38805034642815e-05
vmr_mconsumosdolares_delta1	1.16458813356363e-05	0.000155475877981064	6.7761006928563e-05
ccajas_depositos_lag2	1.16141540732939e-05	0.000301217840936048	6.7761006928563e-05
Visa_madelantodolares_rank_lag1	1.15758248250946e-05	2.30099990606451e-05	8.47012586607037e-05
mtarjeta_visa_descuentos_rank_lag1	1.14206699358071e-05	0.000105951798285802	5.08207551964222e-05
mcheques_depositados_rank_delta1	1.1346614753746e-05	0.000731759779829579	0.000118581762124985
cforex_sell_lag3	1.13093329617738e-05	5.88583210501789e-05	3.38805034642815e-05
ccajas_extracciones_delta1	1.10972568113787e-05	0.000731759779829579	0.000118581762124985
Master_cadelantosefectivo_lag1	1.10139978483414e-05	9.70315932871254e-06	5.08207551964222e-05
minversion1_pesos_rank_delta2	1.09401055800848e-05	0.000202171072695649	5.08207551964222e-05
ctarjeta_debito	1.06159618010953e-05	0.000187052541915273	3.38805034642815e-05
cprestamos_personales	1.05650808619604e-05	0.000300670855746201	5.08207551964222e-05
Master_madelantodolares_rank_delta2	1.0546107614664e-05	6.85754294787975e-06	3.38805034642815e-05
ccajeros_propios_descuentos_lag2	1.05210735806329e-05	5.17963918298214e-05	3.38805034642815e-05
mcheques_depositados_rank_lag1	1.04472299273568e-05	0.000204169817037982	3.38805034642815e-05
cliente_edad_delta2	1.03682402354e-05	0.000305994937670717	6.7761006928563e-05
ctarjeta_visa_delta1	1.02034292849584e-05	0.000158534528324343	3.38805034642815e-05
vmr_mpagosdolares_delta3	9.9968861270418e-06	0.000250907761419935	5.08207551964222e-05
Master_madelantodolares_rank_delta3	9.94610331152589e-06	1.4099005731718e-05	6.7761006928563e-05
cpagomiscuentas_delta1	9.87062658811142e-06	0.000296898319796679	5.08207551964222e-05
Visa_cadelantosefectivo_delta2	9.61062759503842e-06	9.76794180617376e-06	3.38805034642815e-05
vm_msaldodolares_rank_delta2	9.26299652481929e-06	0.000108719510259612	3.38805034642815e-05
minversion1_pesos_rank_lag2	9.17789635875791e-06	2.48457156477411e-05	1.69402517321407e-05
vm_status01_lag2	8.9792430703672e-06	2.33637271790172e-05	5.08207551964222e-05
ccajas_consultas_lag2	8.95602116197172e-06	0.000210578394481877	5.08207551964222e-05
cextraccion_autoservicio_lag1	8.89223687758402e-06	0.000111141089042762	3.38805034642815e-05
Visa_Finiciomora_lag2	8.87783629816786e-06	0.000203597039172837	5.08207551964222e-05
ccaja_seguridad_delta2	8.83681285063981e-06	0.000596220699887542	0.000101641510392844
Master_msaldodolares_rank_lag2	8.77398370763548e-06	5.23813140595743e-06	3.38805034642815e-05
vm_status02_lag1	8.74744108998787e-06	6.41654835812779e-06	3.38805034642815e-05
cforex_buy_delta1	8.53096599877552e-06	0.000522685557021128	8.47012586607037e-05
mttarjeta_master_debitos_automaticos_rank_lag1	8.46995357257346e-06	0.000367488924228749	6.7761006928563e-05
cprestamos_hipotecarios_lag3	8.46243773232041e-06	0.000150329036102254	3.38805034642815e-05
mttarjeta_master_debitos_automaticos_rank_delta1	8.43005640188436e-06	0.000135530319456112	3.38805034642815e-05
Master_Finiciomora_lag1	8.07306283707591e-06	0.000373846630696438	6.7761006928563e-05
ctarjeta_master_debitos_automaticos_lag3	8.07135148252018e-06	2.85980987197708e-05	1.69402517321407e-05
cseguro_vivienda_lag2	7.68022609051131e-06	3.44447643089609e-05	1.69402517321407e-05
vm_mpagosdolares_rank_lag1	7.48266175757853e-06	0.000148756209290207	5.08207551964222e-05
vmr_msaldodolares	7.39621236941565e-06	1.40689644087398e-05	1.69402517321407e-05
ctransferencias_recibidas_delta1	7.39266186724859e-06	0.0003074281982864	5.08207551964222e-05
mcajeros_propios_descuentos_rank_delta1	7.37043999536678e-06	1.50467173549841e-05	1.69402517321407e-05
minversion1_pesos_rank_delta3	7.32065628919463e-06	8.09997912487496e-05	3.38805034642815e-05
Visa_madelantodolares_rank_delta2	7.29200776710285e-06	1.02150649762079e-05	5.08207551964222e-05
ctarjeta_master_delta1	7.2857734320367e-06	0.000165276568213162	3.38805034642815e-05
cinversion2	7.13372293097664e-06	0.000104537111404226	1.69402517321407e-05
ccajas_consultas_lag1	7.1108924781797e-06	0.000418148445616902	6.7761006928563e-05
mcheques_emitidos_rank	7.10850533964745e-06	0.000104537111404226	1.69402517321407e-05
mcaja_ahorro_adicional_rank_lag3	7.04631891528358e-06	0.00010159697201217	3.38805034642815e-05
vm_cconsumos_delta1	7.03181091820811e-06	5.52015889489336e-06	1.69402517321407e-05
vm_status04_lag2	6.93098577197257e-06	6.03797881035427e-05	5.08207551964222e-05
ccajeros_propios_descuentos_delta3	6.91031153655008e-06	0.000103295979900456	3.38805034642815e-05
minversion1_pesos_rank_lag1	6.85628090074075e-06	0.000418148445616902	6.7761006928563e-05
Master_msaldodolares_rank_delta1	6.84212455798261e-06	1.56720205370256e-05	1.69402517321407e-05
ctarjeta_debito_lag1	6.82040653032978e-06	4.37234724548181e-06	1.69402517321407e-05
Visa_cadelantosefectivo_delta3	6.80895975781339e-06	6.4643362448679e-06	3.38805034642815e-05
vmr_msaldodolares_lag3	6.7920884828671e-06	0.00024475823868858	5.08207551964222e-05
catm_trx_other_lag3	6.5223182361584e-06	1.40877261361067e-05	3.38805034642815e-05
ccajas_otras_lag2	6.49533459842032e-06	0.000244921379239772	5.08207551964222e-05
mttarjeta_master_debitos_automaticos_rank_lag2	6.30926558596019e-06	0.000127893506846095	3.38805034642815e-05
cinversion2_lag2	6.14647188911571e-06	0.000197295053907469	3.38805034642815e-05
Master_msaldodolares_rank_delta2	5.99591862221891e-06	1.22155388565339e-05	1.69402517321407e-05
ctarjeta_master_transacciones_lag1	5.84809798193335e-06	3.26339380295138e-05	1.69402517321407e-05
vm_msaldodolares_rank_delta3	5.56630660888427e-06	2.86160708754449e-05	1.69402517321407e-05
ctarjeta_visa_debitos_automaticos_delta2	5.44151409848584e-06	0.000148381839511866	3.38805034642815e-05
vmr_mpagado_delta1	5.37492480121066e-06	7.13438182283446e-05	1.69402517321407e-05
vmr_msaldodolares_lag2	5.31719138395684e-06	0.000292782357759443	5.08207551964222e-05
vm_msaldodolares_rank_lag1	5.28480192123543e-06	3.62717956074362e-06	1.69402517321407e-05
mforex_sell_rank	5.27131537494701e-06	0.000289178564560267	5.08207551964222e-05
vm_msaldodolares_rank_lag2	5.26787282663391e-06	9.22055807061549e-05	3.38805034642815e-05
Master_cadelantosefectivo_delta3	5.22874811134643e-06	8.11209717042676e-06	5.08207551964222e-05
ccheques_emitidos_lag3	5.16139225681065e-06	0.000124473232667516	3.38805034642815e-05
vmr_Visa_mlimitecompra_delta1	5.11806612140597e-06	1.92329512728786e-05	1.69402517321407e-05
mtarjeta_master_descuentos_rank_delta3	4.78366922853191e-06	2.50523954379932e-05	3.38805034642815e-05
Visa_status_lag2	4.72477557544535e-06	1.92246043721262e-05	1.69402517321407e-05
vmr_msaldodolares2	4.56732711359e-06	0.000178032061311612	3.38805034642815e-05
minversion1_pesos_rank_lag3	4.5369751904963e-06	6.25218961060952e-05	1.69402517321407e-05
vm_status06_lag1	4.52941976120575e-06	8.96851926654495e-06	5.08207551964222e-05
vm_status01_lag3	4.45574063031809e-06	5.67104228552126e-06	3.38805034642815e-05
ccheques_emitidos_delta2	4.43082152067121e-06	0.000193622680766975	3.38805034642815e-05
cliente_vip	4.36914126404643e-06	5.66506033998203e-05	1.69402517321407e-05
vm_mpagosdolares_rank_lag3	4.25744888233335e-06	0.000177205981327688	3.38805034642815e-05
vm_mpagosdolares_rank_delta3	4.19718400082365e-06	0.00016424478600394	3.38805034642815e-05
ctarjeta_visa_lag3	4.11217570277707e-06	0.000202135729962734	3.38805034642815e-05
mtarjeta_visa_descuentos_rank_lag2	4.0500950874886e-06	3.53681496043585e-05	1.69402517321407e-05
ccajeros_propios_descuentos_delta2	4.02994453549674e-06	5.1732361325401e-06	1.69402517321407e-05
ctarjeta_master_debitos_automaticos_delta2	3.98575351813957e-06	0.000313611334212677	5.08207551964222e-05
vm_mpagado_rank	3.95535342689414e-06	1.43727239185536e-05	1.69402517321407e-05
Master_status_lag1	3.85606018874186e-06	8.4221469347265e-05	1.69402517321407e-05
ctarjeta_master_descuentos_delta3	3.76132996696636e-06	5.35393525423401e-06	1.69402517321407e-05
cliente_vip_delta3	3.74292955427578e-06	4.40073422777039e-06	1.69402517321407e-05
ccallcenter_transacciones	3.69071340112439e-06	0.000206385543201224	3.38805034642815e-05
mforex_sell_rank_delta2	3.67204212077541e-06	6.199228149349e-06	1.69402517321407e-05
cforex_sell_delta3	3.52911756310315e-06	0.000198989061175034	3.38805034642815e-05
catm_trx_other_lag1	3.42792834070782e-06	0.000209074222808451	3.38805034642815e-05
cforex_delta3	3.27941717109316e-06	3.87634582779847e-06	1.69402517321407e-05
Master_Finiciomora_lag2	3.22352987198098e-06	0.00020390835601171	3.38805034642815e-05
Master_status_lag3	3.12274324239366e-06	6.83291583079496e-06	3.38805034642815e-05
vm_status06_lag2	3.04643403211946e-06	5.52782901990908e-06	3.38805034642815e-05
Master_status_lag2	2.59130983318446e-06	2.86223498503352e-06	1.69402517321407e-05
ctarjeta_master	2.40769301753943e-06	3.93793241983647e-06	1.69402517321407e-05
mforex_buy_rank_delta1	2.2782633171725e-06	0.000104537111404226	1.69402517321407e-05
cseguro_vivienda_delta2	2.1965847878333e-06	0.000101550913663423	1.69402517321407e-05
ccallcenter_transacciones_lag3	2.15265310994979e-06	8.64473095479058e-05	1.69402517321407e-05
cforex_buy_delta2	2.11916972079932e-06	9.20086013681286e-05	1.69402517321407e-05
cinversion1_lag2	1.74854447968685e-06	9.51785437214399e-05	1.69402517321407e-05
ctarjeta_visa_debitos_automaticos_delta1	1.74445706795474e-06	0.000104537111404226	1.69402517321407e-05
ctransferencias_emitidas_lag1	1.67619216243309e-06	9.92291217027818e-05	1.69402517321407e-05
Master_madelantodolares_rank_delta1	1.67539430481045e-06	2.82508751682013e-06	1.69402517321407e-05
Master_delinquency_lag3	1.59087823344235e-06	5.33957256915555e-06	1.69402517321407e-05
cseguro_vivienda_delta3	1.49562450696777e-06	0.000101018253560003	1.69402517321407e-05
mprestamos_prendarios_rank_delta3	1.46060179237487e-06	0.000102249271026374	1.69402517321407e-05
minversion1_dolares_rank_lag3	1.4568436935168e-06	0.000101422213477498	1.69402517321407e-05
cseguro_auto_lag3	1.39022588855998e-06	3.22543796371917e-06	1.69402517321407e-05
cinversion2_lag3	1.39017450324042e-06	9.66508693365902e-05	1.69402517321407e-05
ctarjeta_master_transacciones_delta1	1.37195076668334e-06	0.000104537111404226	1.69402517321407e-05
vm_status05_lag1	1.29298976113972e-06	3.00153799083376e-06	1.69402517321407e-05
ccheques_emitidos_lag1	1.19498803714093e-06	0.000104537111404226	1.69402517321407e-05
Visa_madelantopesos_rank_delta2	8.96094646719284e-07	2.55851307387175e-06	1.69402517321407e-05
ccuenta_debitos_automaticos_lag3	7.74723773043038e-07	1.24544782902344e-05	1.69402517321407e-05
vm_status03_lag1	9.43829128688884e-08	2.61382069101943e-06	1.69402517321407e-05
Visa_madelantopesos_rank_delta3	7.5936813323124e-09	2.56847671666178e-06	1.69402517321407e-05
