Feature	Gain	Cover	Frequency
ctrx_quarter	0.0586012262416561	0.00397472426750401	0.0014419732980474
ctrx_quarter_normalizado_lag3	0.0490632278695402	0.00172015411853831	0.00183215430810728
mcaja_ahorro_rank_lag1	0.0346160279095908	0.00155510163055439	0.00125536498888832
mcaja_ahorro_rank	0.030146346122501	0.00474629321201054	0.00181518991636555
vm_status04_delta3	0.0262946849653675	0.00107239853130276	0.000491967360510289
ctrx_quarter_normalizado_lag2	0.0262718398278251	0.00262436941781453	0.00193394065855769
ctrx_quarter_normalizado	0.0253073686998114	0.00235158032738208	0.000865183978828439
mcuentas_saldo_rank	0.0248755442406711	0.00483727895478221	0.00285001781261133
ctrx_quarter_lag1	0.0236884424961516	0.00165421322941478	0.00101786350450405
vm_status01	0.0182418708723516	0.00218675572343678	0.000966970329278844
mpayroll_rank	0.0174445861053291	0.00374161757376166	0.00108572107147098
mtarjeta_visa_consumo_rank	0.0174304859177806	0.00202865629381925	0.00123840059714659
mpasivos_margen_rank	0.0167938904479849	0.00388666313127634	0.00295180416306173
mcuenta_corriente_rank_lag1	0.0164172089244312	0.0032893433395653	0.00261251632822705
mprestamos_personales_rank	0.0163617149167257	0.0055787759199598	0.00208662018423329
cdescubierto_preacordado_delta3	0.016304751431509	0.00281553718930985	0.000916077154053641
cdescubierto_preacordado	0.0126793440063813	0.00306487354560197	0.00235805045210104
ctrx_quarter_normalizado_lag1	0.0121542356510056	0.000953562214475829	0.000729468844894566
foto_mes	0.0104586940693698	0.00769246637560364	0.00539467657387144
vm_status06	0.0103148536192923	0.000317970974930325	0.000271430267867746
mpayroll_sobre_edad_rank	0.00986054111779443	0.00380683855390729	0.00105179228798751
mcuentas_saldo_rank_lag1	0.00763439213769371	0.0025884078010802	0.00176429674114035
vm_mpagospesos_rank	0.00759398429488288	0.000448813162484113	0.000390181010059884
mautoservicio_rank	0.00728501130866367	0.00139671923071499	0.000780362020119769
mpayroll_sobre_edad_rank_lag1	0.00727748655952626	0.00186754655962025	0.000559824927477225
cdescubierto_preacordado_delta2	0.00720157240408957	0.00203886780979338	0.000593753710960694
mpayroll_rank_lag1	0.00706727839347417	0.00154927787683031	0.000610718102702428
mcuentas_saldo_rank_delta3	0.00660289640576916	0.00374859711441284	0.00556432049128879
vm_status06_delta3	0.00552595401736474	0.000406414304704412	0.000203572700900809
mprestamos_personales_rank_delta3	0.00501767642091129	0.00284547664355696	0.00134018694759699
mpayroll_rank_lag2	0.00482492367252122	0.00130270973384669	0.000644646886185896
mcomisiones_mantenimiento_rank_delta3	0.00459133776812917	0.00180005045191221	0.00166251039068994
mcuenta_corriente_rank	0.00446580755340135	0.00427635211143972	0.00386788131711538
mcuentas_saldo_rank_delta2	0.00429389127289227	0.00286640295257408	0.00502145995555329
Visa_mpagospesos_rank	0.00424619141760362	0.00141129608045191	0.00278216024564439
mpayroll_sobre_edad_rank_lag2	0.0041132009125093	0.0021667294332429	0.00066161127792763
ctrx_quarter_normalizado_delta2	0.00408516902510676	0.00173411373024408	0.00203572700900809
thomebanking	0.00389325674809947	0.00232773168497846	0.00542860535735491
mprestamos_personales_rank_lag3	0.00389115216183369	0.00238655637879955	0.00152679525675607
mcomisiones_rank_lag3	0.00383035405748744	0.00225004266330177	0.004529492595043
cproductos_delta2	0.00360053128514769	0.00229480552910184	0.000525896143993757
mactivos_margen_rank	0.00359557811968758	0.00430329569565545	0.00403752523453272
vm_mpagominimo_rank	0.00357444536262678	0.0021623117031999	0.00127232938063006
cpayroll_trx	0.00356154423483844	0.00144646391058984	0.000237501484384277
mprestamos_personales_rank_lag1	0.00352590712674208	0.00185776194262323	0.000933041545795376
mprestamos_personales_rank_delta2	0.00330668844145948	0.00548695096532784	0.00179822552462381
mcomisiones_mantenimiento_rank	0.00325392661614007	0.00556711537974203	0.00301966173002867
mcomisiones_rank_delta3	0.00321870674607836	0.00219420796718854	0.00481788725465249
Visa_delinquency	0.00317906678175107	0.00172547792915785	0.00128929377237179
tcallcenter	0.00310113227643965	0.00284109554923555	0.00212054896771676
mrentabilidad_annual_rank_lag3	0.003046233835819	0.00311578105919215	0.00473306529594381
vm_msaldopesos_rank	0.0029220260990046	0.00105821967355683	0.00095000593753711
mrentabilidad_annual_rank_lag2	0.00285201781905538	0.0025836573565522	0.00503842434729503
ccomisiones_mantenimiento_delta3	0.00282907602127961	0.00219186756212014	0.000610718102702428
mprestamos_personales_rank_delta1	0.00280323098330149	0.00565492980260983	0.00167947478243168
ctrx_quarter_delta2	0.0027950479617186	0.00187763941677327	0.00230715727687584
mrentabilidad_annual_rank_delta1	0.00262635204167158	0.00241422559277286	0.00588664393438173
mrentabilidad_annual_rank_delta2	0.00252916611726015	0.00244344517592804	0.00602235906831561
ctrx_quarter_normalizado_delta1	0.00246394289455869	0.00152217805092293	0.00103482789624578
mcuenta_corriente_rank_delta3	0.00243274211244804	0.00266767875094193	0.0022901928851341
ctrx_quarter_delta3	0.00240278198183891	0.00184649257492397	0.00273126707041919
mcomisiones_otras_rank_lag2	0.00237145302329458	0.00208990136996652	0.00439377746110913
Visa_mpagominimo_rank	0.00231838874960404	0.00196654923635079	0.00290091098783653
ctrx_quarter_normalizado_delta3	0.00229398538570178	0.00246369609196815	0.00322323443092948
mcaja_ahorro_rank_lag2	0.0022694393095325	0.00112102102909544	0.00128929377237179
mv_status07_rank	0.0022524840953139	0.00066114793248905	0.000305359051351214
mprestamos_personales_rank_lag2	0.00224663987343432	0.0017999800219159	0.00120447181366312
mcomisiones_rank_lag2	0.00219423610970509	0.00167315692835283	0.0043259198941422
Visa_msaldopesos_rank	0.00216696602785852	0.00167284141409286	0.00222233531816717
Visa_msaldototal_rank	0.00216442953901264	0.00138277863776024	0.00193394065855769
mpasivos_margen_rank_lag3	0.00216291019427956	0.00292662965416468	0.00339287834834682
ctarjeta_visa_transacciones	0.0021548909017475	0.00202777313424742	0.000831255195344971
vm_status05_delta3	0.00213206628987731	0.00129329545209117	0.000441074185285087
Master_status	0.00209464212434719	0.00108194200417578	0.000610718102702428
internet	0.00204470007418098	0.00312536048583951	0.000610718102702428
vm_msaldototal_rank	0.00201279536292854	0.000727323184150065	0.000831255195344971
mcomisiones_otras_rank_lag3	0.0019725972587063	0.00232231266694593	0.00386788131711538
mpasivos_margen_rank_lag1	0.00197241220985906	0.00130157762564347	0.00196786944204116
mactivos_margen_rank_delta2	0.00188933598411432	0.00364148210688065	0.00636164690315029
mcomisiones_otras_rank_delta2	0.00187069543005343	0.00241657956101431	0.00466520772897688
mrentabilidad_annual_rank_delta3	0.00179587586155537	0.00279913533508	0.00603932346005734
mcaja_ahorro_rank_delta3	0.00178992183451326	0.00240662688190666	0.00220537092642543
mactivos_margen_rank_delta3	0.00177501903117236	0.00271885627775627	0.00542860535735491
mcuenta_debitos_automaticos_rank	0.00177417922026458	0.00242868393523251	0.000865183978828439
mcuentas_saldo_rank_delta1	0.00175271875895446	0.00281042072853959	0.00337591395660509
cliente_vip_lag1	0.00173270402947995	0.00179116903615891	0.000644646886185896
mrentabilidad_annual_rank	0.00172552425305881	0.00287625580218184	0.00385091692537364
mactivos_margen_rank_delta1	0.00171843644052608	0.00221628570624757	0.00478395847116902
ccaja_seguridad	0.0017059438155482	0.00379209314954229	0.000610718102702428
mcuenta_corriente_rank_lag2	0.00163972905136466	0.00241644741479207	0.00237501484384277
mpayroll_sobre_edad_rank_lag3	0.00161269702597406	0.00106410923519032	0.000797326411861503
mrentabilidad_annual_rank_lag1	0.00159615101048308	0.00260486849220314	0.00380002375014844
vm_Finiciomora	0.00157391157045082	0.00273551549130023	0.00066161127792763
mtarjeta_visa_consumo_rank_delta3	0.00155718000922132	0.00194058814868931	0.00212054896771676
mrentabilidad_rank_delta2	0.00155147558362143	0.00258564845308591	0.0051741394812289
mttarjeta_visa_debitos_automaticos_rank_delta3	0.00153978134390295	0.00240591947529497	0.00166251039068994
mpasivos_margen_rank_delta2	0.00153425952798122	0.00275738269808949	0.00449556381155954
mtransferencias_recibidas_rank	0.00151614367370805	0.00370234805824412	0.00206965579249156
vm_status05	0.00151171883244694	0.000157465142905187	0.000237501484384277
mrentabilidad_rank_delta1	0.00149161402404902	0.00189907335974444	0.00444467063633434
mcuenta_corriente_rank_lag3	0.00147179196982078	0.0029893703542842	0.00266340950345225
vmr_mpagominimo	0.00146528606348955	0.000695746942850416	0.00111964985495445
ccaja_ahorro	0.00145075674633044	0.00216434004163053	0.000407145401801618
cproductos_delta1	0.00142756136725642	0.000238763521934552	6.78575669669364e-05
mpasivos_margen_rank_delta3	0.00141998666753389	0.00220704607875939	0.00505538873903676
mcomisiones_rank_delta1	0.00140958827215149	0.00299893724067939	0.00390181010059884
cliente_vip_delta1	0.00139514112321996	0.00158064904143817	0.000848219587086705
mcuentas_saldo_rank_lag2	0.00138971744659797	0.00190676000391964	0.00262948071996879
mpayroll_rank_delta3	0.00138447036418836	0.00155824991579565	0.000848219587086705
internet_lag1	0.00138403738234589	0.00225347179715124	0.000407145401801618
mcomisiones_otras_rank_lag1	0.0013801109898816	0.00167521341605041	0.00342680713183029
chomebanking_transacciones	0.00137861561811913	0.003074082485464	0.00307055490525387
Master_fechaalta	0.00134578931854658	0.00186007143274973	0.00422413354369179
mcomisiones_mantenimiento_rank_delta1	0.00133297805300848	0.00217948393050398	0.00108572107147098
vm_mpagominimo_rank_lag1	0.00133198531891591	0.00121924450532348	0.00100089911276231
thomebanking_lag2	0.00131734716296362	0.00140636776135012	0.00468217212071861
mcomisiones_rank_delta2	0.00129970496408447	0.00175646542266692	0.00419020476020832
vmr_msaldototal	0.0012934596670621	0.000766522156013419	0.00110268546321272
mactivos_margen_rank_lag1	0.00129338318541786	0.00253373442324397	0.00285001781261133
Visa_mpagominimo_rank_lag1	0.00129244294730486	0.00118030391569512	0.00245983680255144
vm_status02	0.00126767526740604	0.00158361282206296	0.000525896143993757
internet_lag3	0.00126402221394025	0.000623494745606609	0.000593753710960694
thomebanking_lag1	0.00125545883859119	0.00138992631629395	0.00396966766756578
mpasivos_margen_rank_delta1	0.00124403741573691	0.00266821559496976	0.00405448962627445
mcomisiones_otras_rank_delta3	0.00123892029979976	0.00173783769262035	0.0043768130693674
mcomisiones_otras_rank	0.00123098828899616	0.0014493025160087	0.00325716321441295
mrentabilidad_rank_lag2	0.00121203799639439	0.00210627014975485	0.00403752523453272
cprestamos_personales_delta3	0.00120846207595822	0.002111561681538	0.000407145401801618
Master_fechaalta_lag3	0.00119154796031315	0.00222570843657177	0.00449556381155954
Visa_Finiciomora	0.00117990379450849	0.00299247143362153	0.00066161127792763
mplazo_fijo_dolares_rank	0.00117767738482908	0.00367965751381106	0.000678575669669364
cliente_edad_lag3	0.00117722348288632	0.00263882457785369	0.00305359051351214
Master_Fvencimiento_lag3	0.00117570452624829	0.00177472660606782	0.00439377746110913
chomebanking_transacciones_delta1	0.00116557934952407	0.003589634907869	0.00305359051351214
mrentabilidad_rank_delta3	0.00115647437033255	0.00199811195236336	0.00424109793543353
mtarjeta_visa_consumo_rank_delta2	0.00115006566375475	0.00155544017947695	0.00174733234939861
thomebanking_lag3	0.00114977219434481	0.00145386231839498	0.00456342137852647
ctrx_quarter_delta1	0.00114588699820896	0.00109163474772414	0.000882148370570173
chomebanking_transacciones_lag3	0.00114409893959882	0.00161514640377366	0.00376609496666497
ccomisiones_mantenimiento_delta2	0.00114048566273845	0.000392188127396677	8.48219587086705e-05
tcallcenter_delta3	0.00113852106532915	0.000805820237543449	0.000712504453152832
vm_fechaalta	0.00113531298826904	0.00273661835154372	0.00317234125570428
chomebanking_transacciones_delta2	0.0011176548676959	0.00307542417878804	0.00349466469879722
mcomisiones_rank_lag1	0.00111601798560237	0.00166839648193186	0.00340984274008855
cprestamos_personales_delta2	0.00111475741612892	0.00230459238137039	0.000424109793543353
tcallcenter_delta2	0.00111232060408301	0.00130135443946366	0.000814290803603237
Master_Fvencimiento	0.00111181556544743	0.00172788224783776	0.00425806232717526
Master_fechaalta_lag1	0.00110886248325212	0.00219088438361864	0.00376609496666497
mpasivos_margen_rank_lag2	0.00110698963689937	0.00189902630538434	0.0030366261217704
cdescubierto_preacordado_lag3	0.00110158916238535	0.00113721924629991	0.00100089911276231
chomebanking_transacciones_lag2	0.0010976292454792	0.00152124908722763	0.00346073591531376
mcomisiones_otras_rank_delta1	0.00109108577030433	0.00296525779829569	0.0036303798327311
mpayroll_sobre_edad_rank_delta2	0.00108510784803127	0.00142492661472467	0.000593753710960694
Visa_mpagospesos_rank_delta3	0.00108427509719271	0.00250215950795286	0.00376609496666497
Master_mfinanciacion_limite_rank_delta2	0.00107885677182044	0.00145899120575953	0.0044785994198178
Master_mlimitecompra_rank_delta3	0.00106917583899587	0.00228381701001078	0.00493663799684462
Master_mfinanciacion_limite_rank_delta3	0.0010640788902064	0.00278125926244431	0.00490270921336116
Master_fechaalta_lag2	0.00106295826744428	0.00254688524551389	0.00381698814189017
vm_Finiciomora_lag1	0.00105927814273267	0.00269937175676478	0.000797326411861503
mpayroll_sobre_edad_rank_delta3	0.00104433960749714	0.00130060732836776	0.000746433236636301
Master_Fvencimiento_lag2	0.00103999660675807	0.00154862313170053	0.00381698814189017
Visa_fechaalta_lag2	0.00102849166158768	0.00171377135750085	0.00307055490525387
cliente_edad_lag1	0.00102591102691902	0.00218118357036118	0.00242590801906798
chomebanking_transacciones_lag1	0.00101849444883386	0.00173582185655593	0.00307055490525387
cliente_edad_lag2	0.00101344336525062	0.00251102967157658	0.00235805045210104
Visa_mpagominimo_rank_lag3	0.00101325038184167	0.00142325876118641	0.00257858754474358
vm_fechaalta_lag2	0.000998366049879525	0.00146516669271963	0.00274823146216092
vm_mpagominimo_rank_lag2	0.000987377584794551	0.00122240703568503	0.00142500890630566
mtransferencias_emitidas_rank	0.000982412853158059	0.00481674067374907	0.00212054896771676
mcomisiones_rank	0.000973311156567047	0.00117468948189015	0.00285001781261133
Master_mlimitecompra_rank_delta2	0.000969311924841272	0.00178997460555443	0.00427502671891699
mactivos_margen_rank_lag3	0.000957540518799062	0.00241566291025542	0.00301966173002867
numero_de_cliente	0.000946150432909795	0.00369886292894841	0.00313841247222081
cliente_edad	0.00094434650327505	0.00186259232652304	0.00225626410165064
Visa_Fvencimiento_lag3	0.000941872760068647	0.00136499091517908	0.00322323443092948
Visa_mconsumototal_rank	0.000941296493802499	0.00143640772704437	0.00300269733828694
vm_msaldototal_rank_delta3	0.000939454377767805	0.000601407118312491	0.00111964985495445
Visa_mpagominimo_rank_lag2	0.000937867957330081	0.00129671822109966	0.00203572700900809
Master_Fvencimiento_lag1	0.000936553043628321	0.0014700044643813	0.00386788131711538
Visa_mfinanciacion_limite_rank_delta3	0.000936413750996408	0.00149393418273549	0.00383395253363191
Visa_mpagospesos_rank_delta2	0.000928014063101258	0.00160550412432163	0.00351162909053896
Visa_fechaalta	0.000927935887175501	0.00190129215088699	0.00327412760615468
mpayroll_rank_delta2	0.000920358156807663	0.00232437419347596	0.00095000593753711
Master_mfinanciacion_limite_rank_delta1	0.000917174967948075	0.00246951965626244	0.00427502671891699
mactivos_margen_rank_lag2	0.000915945835124278	0.00232352888197638	0.00286698220435306
mrentabilidad_rank	0.000915105202387383	0.00212791716335499	0.00296876855480347
chomebanking_transacciones_delta3	0.000913771284751516	0.00168930487089075	0.00315537686396254
vm_fechaalta_lag1	0.00088594524199889	0.00167670222055017	0.00252769436951838
Visa_fechaalta_lag3	0.000881191809971613	0.0014151101356368	0.00291787537957827
Visa_fechaalta_lag1	0.000874776938521659	0.00114069020624724	0.00269733828693572
Visa_mlimitecompra_rank_delta3	0.000870844411240361	0.0018489157229251	0.00369823739969803
ctarjeta_visa_transacciones_delta3	0.000869405949135714	0.00153130970343021	0.00110268546321272
Visa_mpagospesos_rank_lag3	0.000868948498724656	0.00164504891921152	0.00286698220435306
mcaja_ahorro_rank_delta1	0.000868318669828726	0.00222220572819146	0.00205269140074983
ctrx_quarter_lag2	0.000866730240421821	0.00137559273229469	0.00205269140074983
Visa_mfinanciacion_limite_rank_delta2	0.000864493550820883	0.00195259951288011	0.00354555787402243
Master_mfinanciacion_limite_rank	0.000852723493873831	0.00141626660451115	0.00330805638963815
ccaja_ahorro_delta2	0.00084869966115785	0.00221824865351433	0.000458038577026821
ctrx_quarter_lag3	0.000846695350138722	0.0017680798177876	0.00217144214294196
mcuentas_saldo_rank_lag3	0.000840472703764985	0.00194983542914105	0.00257858754474358
Visa_delinquency_lag1	0.000838519305760311	0.000970940579278526	0.000695540061411098
mrentabilidad_rank_lag3	0.000825915739559607	0.00224485005175551	0.00305359051351214
mrentabilidad_rank_lag1	0.000825373215761564	0.00153953925338656	0.00271430267867746
cproductos_delta3	0.00082376776942712	0.00151022378087115	0.00037321661831815
vm_Fvencimiento	0.000818532713417722	0.00157062653850955	0.00307055490525387
Visa_Fvencimiento	0.000812185727924521	0.00156838448538866	0.00266340950345225
Visa_mconsumospesos_rank	0.000803297548231503	0.00125711439988688	0.00276519585390266
Visa_Fvencimiento_lag1	0.000801552687670935	0.00126319986981027	0.00281608902912786
vm_mpagominimo_rank_lag3	0.00080018466917266	0.00100165843842302	0.00162858160720647
Visa_Fvencimiento_lag2	0.000794624546878769	0.00137287161123224	0.00281608902912786
Visa_mconsumospesos_rank_lag1	0.000791317184537814	0.00112037109548235	0.00271430267867746
mpagomiscuentas_rank	0.000790982756183121	0.00239560843290863	0.00095000593753711
Visa_mlimitecompra_rank_delta2	0.000790190522782712	0.00122879377474811	0.00339287834834682
cliente_antiguedad_lag2	0.000785280122303605	0.00178075907353567	0.00210358457597503
ccomisiones_mantenimiento_delta1	0.000783438947693693	0.00281625005149952	0.000458038577026821
Visa_mfinanciacion_limite_rank	0.000777330345407577	0.00138962538812789	0.00271430267867746
ccajas_transacciones_delta1	0.000777216123560126	0.00231910967438101	0.000916077154053641
Visa_cconsumos	0.000761962563865347	0.00130435549987132	0.00212054896771676
Visa_mlimitecompra_rank_delta1	0.000758523348287558	0.0024433896351133	0.00342680713183029
Visa_mconsumospesos_rank_delta3	0.000757092471914067	0.00134295231231489	0.00268037389519399
Master_mlimitecompra_rank	0.000756689555889526	0.00108762777724005	0.00318930564744601
Visa_mconsumospesos_rank_delta2	0.00075665201049528	0.00094332273866454	0.00249376558603491
Visa_mfinanciacion_limite_rank_delta1	0.000753268923010055	0.00228948384009596	0.00339287834834682
Master_mlimitecompra_rank_delta1	0.000749610715655509	0.00126518062347739	0.00369823739969803
vmr_msaldopesos	0.000748973164520817	0.000909499556955391	0.000983934721020578
vm_mpagospesos_rank_delta3	0.000746785070029883	0.00105374716041826	0.0014419732980474
Visa_mpagospesos_rank_delta1	0.000743554409802406	0.00149058290453013	0.00342680713183029
vmr_mpagominimo_lag2	0.000739205700079072	0.0010862850988811	0.0014419732980474
vm_Fvencimiento_lag1	0.000738329679117996	0.00241869371114028	0.00290091098783653
mcaja_ahorro_dolares_rank	0.000738173809317523	0.0034139507486344	0.00132322255585526
Master_delinquency	0.000732722009918726	0.000996213392737206	0.000441074185285087
Visa_msaldopesos_rank_delta3	0.00073232257449642	0.000897214959233986	0.0022392997099089
mpayroll_rank_lag3	0.000730792034902254	0.00056453862539649	0.000356252226576416
cdescubierto_preacordado_lag1	0.000726313491077386	0.00185411113803227	0.00135715133933873
vm_Fvencimiento_lag3	0.000726188968684427	0.00137526596590513	0.0028330534208696
Master_mlimitecompra_rank_lag1	0.000724327921278519	0.00118013558838279	0.0029857329465452
vm_Finiciomora_delta1	0.000720488143718047	0.00206867776983534	0.000475002968768555
mcuenta_corriente_rank_delta1	0.00071213672486053	0.00184189337114114	0.00125536498888832
vm_mlimitecompra_rank_delta3	0.00070409723841544	0.00167649710597243	0.00242590801906798
mcomisiones_mantenimiento_rank_lag1	0.000702411181669137	0.00171854138906924	0.00135715133933873
cliente_antiguedad_lag3	0.000696872216115229	0.00214126222693264	0.00230715727687584
vmr_mpagominimo_delta2	0.00069638690086106	0.00127758494082674	0.00120447181366312
Master_mlimitecompra_rank_lag2	0.000694340278356661	0.000906375253525672	0.00264644511171052
vm_fechaalta_lag3	0.000686226790487716	0.00105631783634066	0.00252769436951838
ctarjeta_visa_transacciones_delta2	0.000685767047578422	0.00148097294180046	0.00095000593753711
Master_mlimitecompra_rank_lag3	0.00068343867654052	0.0010304562750914	0.00266340950345225
ccajas_transacciones_delta3	0.000682923823891219	0.00115688902962704	0.000695540061411098
Visa_mfinanciacion_limite_rank_lag3	0.000682274973483344	0.00161823456399925	0.00261251632822705
Visa_Finiciomora_lag1	0.000672631215667015	0.00121338998820134	0.000356252226576416
Visa_mpagospesos_rank_lag2	0.00067133195500665	0.00111057496115403	0.00266340950345225
Visa_mlimitecompra_rank	0.000668741488762835	0.000897738467404527	0.0022901928851341
mttarjeta_visa_debitos_automaticos_rank_delta2	0.000664631116622585	0.00131472454565969	0.00113661424669618
mautoservicio_rank_lag3	0.000660555677266337	0.00251262709511853	0.00225626410165064
Master_mfinanciacion_limite_rank_lag1	0.000659385862641769	0.000836353554185502	0.00259555193648532
ccaja_ahorro_delta3	0.000656942391307693	0.00237369322461032	0.000559824927477225
mcaja_ahorro_dolares_rank_delta2	0.000656366867081125	0.00180206378750339	0.000848219587086705
Visa_mconsumototal_rank_delta2	0.000652318145603487	0.000984785055557298	0.00251072997777665
cmobile_app_trx_lag3	0.000652080474207596	0.00163181239890414	0.00161161721546474
Master_mfinanciacion_limite_rank_lag3	0.000651484021051255	0.000954493792302247	0.00244287241080971
ccajas_consultas_delta2	0.000649749197683651	0.00166094177559282	0.000407145401801618
Master_mfinanciacion_limite_rank_lag2	0.000646272610758422	0.000859014926430747	0.00261251632822705
Visa_mlimitecompra_rank_lag2	0.000644439553642012	0.000928405673022894	0.00232412166861757
mcuenta_corriente_rank_delta2	0.000643819755970818	0.00205669076631567	0.00166251039068994
vm_mfinanciacion_limite_rank_delta3	0.000643629442201768	0.00230403837500349	0.00205269140074983
Visa_mfinanciacion_limite_rank_lag1	0.000643103025922151	0.00110390521398314	0.00235805045210104
mplazo_fijo_dolares_rank_delta3	0.000641872729546034	0.00231676673095341	0.000525896143993757
Visa_mlimitecompra_rank_lag1	0.000637730428077289	0.00120727390642372	0.00237501484384277
Visa_mconsumosdolares_rank	0.000631852940543827	0.00115770422178984	0.00201876261726636
Visa_mconsumototal_rank_delta3	0.000629042067933541	0.00118778661975728	0.00281608902912786
Visa_mconsumospesos_rank_delta1	0.000628938097718927	0.00101769033627094	0.00261251632822705
vm_status06_delta1	0.000624370520801603	2.55244141071513e-05	1.69643917417341e-05
ccaja_ahorro_lag2	0.000620676844981306	0.000738227710071767	0.000305359051351214
Visa_cconsumos_lag1	0.000616858160608965	0.00132860005053823	0.00203572700900809
mcomisiones_mantenimiento_rank_lag3	0.000616175013264703	0.00178787720102198	0.00167947478243168
Visa_mfinanciacion_limite_rank_lag2	0.000615665896389194	0.00118023537999672	0.00262948071996879
mcaja_ahorro_rank_delta2	0.000614962964049838	0.00228070994469205	0.00193394065855769
ccaja_seguridad_lag2	0.000614415240594567	0.000612252087507887	0.000118750742192139
Visa_mconsumototal_rank_lag1	0.000611540606779236	0.000856797461296735	0.00225626410165064
Visa_mconsumosdolares_rank_lag3	0.000609433453685994	0.000929396201400286	0.0022392997099089
vmr_mpagominimo_delta3	0.000604743200251476	0.00095722313461763	0.00122143620540486
vm_Fvencimiento_lag2	0.000590944761106859	0.00107897098733298	0.00235805045210104
cliente_antiguedad_lag1	0.000590824652035149	0.00178666000095662	0.00178126113288208
vm_mlimitecompra_rank_delta2	0.000590262106783778	0.00151706954620389	0.0022901928851341
active_quarter_lag1	0.000589197937149464	0.00024283357253906	0.000559824927477225
Visa_cconsumos_delta3	0.000588585994001086	0.000566581246833365	0.00142500890630566
Visa_mpagominimo_rank_delta3	0.000582343649322035	0.000907331646654717	0.00215447775120023
Visa_msaldopesos_rank_delta2	0.00057512616478454	0.000713275866451038	0.00179822552462381
Visa_cconsumos_lag2	0.000574294942498688	0.000866147677896926	0.00169643917417341
cliente_antiguedad	0.00057238058210509	0.00137017833634907	0.00159465282372301
vmr_Master_mlimitecompra	0.000564717739944308	0.00111142550091584	0.00210358457597503
Visa_cconsumos_lag3	0.0005640385909739	0.000819962611111624	0.00178126113288208
Visa_msaldototal_rank_delta3	0.000562546201344692	0.000852376359403456	0.00179822552462381
Visa_mconsumototal_rank_lag2	0.000560933195730899	0.00104839773889097	0.00222233531816717
Visa_msaldopesos_rank_lag3	0.000560826630503771	0.000998853248419299	0.00169643917417341
Visa_msaldopesos_rank_lag1	0.000555033691604156	0.000922438520946994	0.0014928664732726
mcomisiones_mantenimiento_rank_delta2	0.000554172749834064	0.00126896221039609	0.000933041545795376
Visa_delinquency_delta3	0.000553657502298807	0.00024325278066665	0.000254465876126012
Master_msaldopesos_rank	0.000550730591326028	0.00148490550426262	0.00135715133933873
Visa_mconsumospesos_rank_lag2	0.000550259222197725	0.00110434029632722	0.00220537092642543
Master_status_delta2	0.000548802618617648	0.000217481766857512	0.000135715133933873
Visa_mlimitecompra_rank_lag3	0.000548255856420372	0.000945260529655049	0.0021884065346837
Visa_mpagospesos_rank_lag1	0.000545418862564923	0.000716707993291212	0.00217144214294196
vmr_msaldopesos2_delta3	0.000542386607166488	0.00188271658980486	0.00162858160720647
Visa_mconsumospesos_rank_lag3	0.000541603865973212	0.00104298569187476	0.00227322849339237
Visa_msaldototal_rank_delta2	0.000532320137189292	0.000790721054100688	0.00201876261726636
vmr_mpagominimo_lag1	0.00053145838942606	0.000895246935248826	0.000983934721020578
vmr_mpagospesos_delta3	0.000530841978054086	0.000485168679525956	0.000729468844894566
Master_mpagominimo_rank	0.000525769542194286	0.000758380804567782	0.00115357863843792
Visa_mpagominimo_rank_delta2	0.000525495409453313	0.00121043977074959	0.00195090505029942
thomebanking_delta2	0.000521096466064362	0.000972784072119051	0.000848219587086705
cproductos	0.000518038616622606	0.000547863916495621	0.000135715133933873
Visa_mconsumototal_rank_lag3	0.000511452372719342	0.00102802437543392	0.00217144214294196
Visa_msaldototal_rank_lag3	0.000506370600043068	0.000866298729212308	0.00174733234939861
mtransferencias_recibidas_rank_lag1	0.00050085870327755	0.00236855755565925	0.00176429674114035
Master_fultimo_cierre_lag3	0.000497391002523079	0.00127225533365559	0.00176429674114035
Visa_msaldopesos_rank_delta1	0.000491243459839847	0.000972233513374347	0.00174733234939861
vmr_Master_mlimitecompra_lag3	0.000482658351946873	0.00124952349352807	0.00176429674114035
Visa_mconsumototal_rank_delta1	0.000478091408443292	0.00107787502233389	0.00210358457597503
vmr_Master_mlimitecompra_lag1	0.00047246428287766	0.00107874730863571	0.00173036795765688
Master_msaldototal_rank	0.000469028433884949	0.00218485392410657	0.00120447181366312
Visa_cconsumos_delta2	0.000468402009906075	0.000520334047076599	0.00111964985495445
vm_status02_delta2	0.000468204907475464	0.000268319039881172	0.000305359051351214
thomebanking_delta3	0.000465457737937833	0.000792762766274566	0.000865183978828439
mcaja_ahorro_rank_lag3	0.000463271450891579	0.00135475481121808	0.00132322255585526
vm_mfinanciacion_limite_rank_delta1	0.00046059315842286	0.00148563348294962	0.00200179822552462
ccomisiones_otras_lag2	0.000459261554815124	0.00119651925735269	0.00106875667972925
ccaja_seguridad_lag1	0.000458888332399315	0.00020378159819356	3.39287834834682e-05
vmr_mpagospesos	0.000458845752404548	0.00133298849473553	0.00095000593753711
ccaja_seguridad_lag3	0.000457941723157299	0.000358867654467013	8.48219587086705e-05
mpayroll_rank_delta1	0.000454535503721319	0.00296231693867562	0.000797326411861503
ccajas_transacciones	0.0004530985416884	0.000857355256259456	0.000814290803603237
vmr_Visa_mlimitecompra	0.000450773027397307	0.000662165094695063	0.00147590208153087
vmr_msaldototal_delta3	0.000446139736709711	0.000726090337183964	0.00108572107147098
mtransferencias_recibidas_rank_lag3	0.000443260908465043	0.000973305307132099	0.0015437596484978
mcaja_ahorro_dolares_rank_delta3	0.000435773677386075	0.00155677766745963	0.000831255195344971
mpagomiscuentas_rank_delta2	0.00042980607040676	0.00139570187907918	0.000525896143993757
vm_mfinanciacion_limite_rank_lag3	0.00042962636926758	0.000674826809244487	0.00137411573108046
vmr_Visa_mlimitecompra_lag3	0.000429104463054149	0.000909893495148856	0.00159465282372301
cmobile_app_trx_lag2	0.000428852064886685	0.00168390877386294	0.00115357863843792
Visa_mconsumosdolares_rank_lag2	0.000428175582340089	0.00133252594507175	0.00188304748333249
Master_fultimo_cierre_lag2	0.000427932389497824	0.00084271115894671	0.00167947478243168
cdescubierto_preacordado_delta1	0.000426307576211022	0.00261122071715828	0.000576789319218959
vmr_mpagominimo_lag3	0.000426124529853341	0.000842729723066233	0.0013910801228222
mautoservicio_rank_lag2	0.0004212627952995	0.00114952377203533	0.0015437596484978
mautoservicio_rank_delta2	0.000418498980998319	0.000836449405659772	0.00108572107147098
vmr_mpagominimo_delta1	0.000417599972275641	0.0010563496226596	0.00095000593753711
mtransferencias_emitidas_rank_lag1	0.000416275548228818	0.00109505062148824	0.00130625816411353
Visa_msaldototal_rank_lag1	0.000415159139365627	0.000936119860289716	0.00150983086501433
Visa_Finiciomora_delta1	0.000412749475444458	0.000781513440247198	0.000152679525675607
Visa_mpagominimo_rank_delta1	0.000409321219178925	0.000994126027983686	0.00166251039068994
tcallcenter_lag1	0.000406045738775642	0.00141244864707257	0.00122143620540486
mtarjeta_master_consumo_rank	0.000404970116421235	0.000479949623580865	0.000169643917417341
mtransferencias_emitidas_rank_delta2	0.00040415126061412	0.00170431210511293	0.000899112762311907
vm_status04_delta1	0.00040127429118493	0.000155455747453662	3.39287834834682e-05
tcallcenter_delta1	0.00039144936519723	0.00095668818488771	0.000491967360510289
mtransferencias_emitidas_rank_lag2	0.000389913359106497	0.00135314124825793	0.00106875667972925
Visa_msaldototal_rank_delta1	0.000389591412680132	0.000655407527873035	0.00134018694759699
mpayroll_sobre_edad_rank_delta1	0.000389231871172142	0.000622695314002427	0.000305359051351214
Visa_mconsumosdolares_rank_delta3	0.000387287787352367	0.000977910080150778	0.00156072404023954
Master_cconsumos	0.000385500569628089	0.00053627672349294	0.000576789319218959
mtarjeta_visa_consumo_rank_lag3	0.000385054054175549	0.00100025461212752	0.0013910801228222
Visa_msaldopesos_rank_lag2	0.000384800827380743	0.000615958091939958	0.00117054303017965
Master_fultimo_cierre	0.000383417609525249	0.000657923837445406	0.00142500890630566
Visa_status	0.000382550299752892	0.00105144251969441	0.000441074185285087
mtarjeta_visa_consumo_rank_lag2	0.000379483648481618	0.00129066188547814	0.0013910801228222
vmr_msaldopesos2_lag2	0.000379430342640782	0.000970050676006139	0.00130625816411353
vm_mlimitecompra_rank_delta1	0.000377991141923196	0.00098912080038673	0.0015437596484978
mtransferencias_recibidas_rank_lag2	0.000377497840561337	0.000992226426039053	0.0013910801228222
mtransferencias_recibidas_rank_delta3	0.000376128383192195	0.00107519603045696	0.00122143620540486
mtransferencias_emitidas_rank_lag3	0.000375183432891073	0.00259767557783532	0.0014419732980474
vmr_Master_mlimitecompra_lag2	0.000373846951360815	0.000960001008845481	0.00142500890630566
vm_mconsumototal_rank_delta3	0.000373108024510344	0.000459785996788467	0.000848219587086705
mcuenta_debitos_automaticos_rank_delta3	0.000371419720078805	0.0014538806173128	0.000678575669669364
Visa_mconsumosdolares_rank_lag1	0.000371010922058661	0.000631679741676103	0.00147590208153087
mcomisiones_mantenimiento_rank_lag2	0.000365017700473818	0.000873120702163292	0.000966970329278844
active_quarter_lag2	0.000363119875770511	0.000351118498460763	0.000797326411861503
ccomisiones_otras_delta2	0.000360355974869573	0.000725733868203169	0.000831255195344971
Visa_status_delta3	0.000359094951001449	0.000840091344936511	0.000356252226576416
ccomisiones_mantenimiento	0.000357934271181347	0.00245037091851856	0.000424109793543353
vmr_msaldopesos_lag3	0.000353891704707425	0.000499365154242454	0.00100089911276231
vmr_msaldopesos_delta3	0.000353209713366619	0.000623692207220798	0.00106875667972925
mextraccion_autoservicio_rank_lag3	0.000351376016296717	0.000811498660731832	0.00118750742192139
Visa_msaldototal_rank_lag2	0.000350896184365626	0.000516749580798465	0.00113661424669618
vm_fultimo_cierre_lag2	0.000350755636679342	0.000901841137819054	0.00128929377237179
ccomisiones_otras	0.000350605463879588	0.00100812860236607	0.000542860535735491
Master_fultimo_cierre_lag1	0.000348654366160718	0.000567939609979015	0.00127232938063006
mcuenta_debitos_automaticos_rank_lag3	0.000345468571264036	0.00106648479842794	0.00106875667972925
vm_mfinanciacion_limite_rank_delta2	0.000344135612304504	0.00082218295557846	0.00132322255585526
mtransferencias_emitidas_rank_delta1	0.000342150535007553	0.00154905855501824	0.000882148370570173
Master_fechaalta_delta3	0.000341330780528354	0.00044335375802014	0.00106875667972925
ctarjeta_visa_transacciones_lag3	0.000340570170187622	0.00088606716757462	0.00122143620540486
vmr_Visa_mlimitecompra_lag1	0.000338753966637053	0.00064259684573593	0.00125536498888832
Visa_fultimo_cierre_lag2	0.000337967300568047	0.000838398069920287	0.00117054303017965
mttarjeta_visa_debitos_automaticos_rank_lag3	0.000335423210139594	0.000733409336020701	0.00110268546321272
vm_fultimo_cierre	0.000332620912246637	0.000584198103742992	0.00111964985495445
Master_mpagospesos_rank	0.000332015659991012	0.00162378137136881	0.00095000593753711
vm_fultimo_cierre_lag1	0.000331927717810906	0.00138724527857528	0.0013910801228222
mtransferencias_emitidas_rank_delta3	0.000330314271728639	0.00133913651437593	0.00100089911276231
mcaja_ahorro_dolares_rank_lag3	0.000329444222067231	0.00142176749409936	0.00117054303017965
vm_fultimo_cierre_lag3	0.000328402749082318	0.000742895866298531	0.00115357863843792
ccomisiones_otras_delta3	0.000326525802184446	0.00167947732910307	0.00108572107147098
vmr_msaldopesos2_delta2	0.000321142293745623	0.00101879808380304	0.00108572107147098
vm_status01_delta1	0.000320959290001052	0.000273277326775906	0.000186608309159075
ccaja_ahorro_lag3	0.000318875976486337	0.000545615195446086	0.00028839465960948
ccajas_transacciones_lag3	0.00031656102701483	0.000992279239064797	0.00106875667972925
mcaja_ahorro_dolares_rank_lag2	0.000313309363833825	0.00130568942657392	0.00095000593753711
vmr_msaldopesos2_lag3	0.000312375445638169	0.000626647577162861	0.00117054303017965
mcuenta_debitos_automaticos_rank_delta2	0.000310527916113665	0.00218549775808039	0.000712504453152832
vm_mlimitecompra_rank	0.000309478211893863	0.0005898662598367	0.00103482789624578
vm_status01_delta3	0.000308206776953873	0.000838911955057443	0.000390181010059884
tcallcenter_lag2	0.00030654023243367	0.000631207000689563	0.000746433236636301
mcaja_ahorro_dolares_rank_lag1	0.000304655982684693	0.00107647733356361	0.00095000593753711
mtransferencias_recibidas_rank_delta2	0.000303818626474155	0.000876115018870394	0.00095000593753711
Master_mpagospesos_rank_lag3	0.000303682813566746	0.000946638328297261	0.00101786350450405
Master_mpagominimo_rank_lag2	0.000303452785908696	0.000772206262095534	0.000933041545795376
vm_msaldopesos_rank_delta3	0.000301360484132105	0.000834981968840437	0.000966970329278844
cpayroll_trx_lag1	0.000300042361398476	5.33317223981432e-05	3.39287834834682e-05
ccajas_transacciones_lag2	0.000299204307134436	0.00097456376500595	0.000916077154053641
vmr_msaldototal_lag3	0.000298525501145965	0.00061460836679278	0.00111964985495445
vm_mlimitecompra_rank_lag3	0.00029767041985559	0.000407151906424797	0.00106875667972925
cplazo_fijo_delta3	0.000297210719677734	0.000509393453722682	8.48219587086705e-05
vm_mpagominimo_rank_delta2	0.000296470858370663	0.00168314881942722	0.00095000593753711
vm_mfinanciacion_limite_rank	0.000292563451821885	0.000475191904948893	0.00115357863843792
mttarjeta_visa_debitos_automaticos_rank_lag2	0.000290682812122788	0.000607343469104366	0.00095000593753711
mttarjeta_visa_debitos_automaticos_rank	0.000290212478934291	0.000949206465860462	0.00106875667972925
vmr_mconsumosdolares_lag3	0.000289207454934815	0.000718248966755432	0.000695540061411098
Visa_cconsumos_delta1	0.000288281035105546	0.00050282770350707	0.000899112762311907
vmr_mconsumototal	0.000287983683501387	0.000598427577129091	0.000695540061411098
Visa_mpagado_rank_delta2	0.000287852085506307	0.00225815950253244	0.000831255195344971
Master_mpagominimo_rank_lag3	0.000286973841875377	0.000673630749543808	0.000983934721020578
Master_mpagominimo_rank_lag1	0.000286074604671162	0.000469113784901398	0.000814290803603237
vmr_msaldopesos_delta2	0.000284571228899685	0.000475476049635466	0.000848219587086705
vmr_msaldopesos2	0.000283859676282511	0.000844054860226533	0.000966970329278844
vm_status02_delta3	0.000282582489002547	0.000565318886705818	0.000271430267867746
cdescubierto_preacordado_lag2	0.000282244375724918	0.000701801005314449	0.000814290803603237
Master_mconsumospesos_rank_lag2	0.000282222764758462	0.000885755555568346	0.00100089911276231
cpayroll_trx_lag2	0.000280703062247223	0.000383854618371001	6.78575669669364e-05
vmr_msaldototal_lag1	0.000280402291588639	0.000530147949919318	0.000831255195344971
vmr_msaldopesos_lag1	0.000278069793667535	0.000589335704877932	0.00095000593753711
cmobile_app_trx_delta3	0.000276167024307968	0.00174007163814618	0.00117054303017965
mttarjeta_visa_debitos_automaticos_rank_lag1	0.000275641654774292	0.000944619915987682	0.000899112762311907
ccomisiones_otras_lag1	0.000273211496180422	0.000672587787000254	0.000525896143993757
vm_mfinanciacion_limite_rank_lag2	0.000273157948206443	0.000720591341893662	0.00111964985495445
vmr_mpagospesos_lag3	0.00027137781254437	0.0007623177618011	0.00101786350450405
Master_msaldopesos_rank_lag2	0.000270847927338695	0.00038115463767323	0.000933041545795376
Master_msaldopesos_rank_lag1	0.000270670266723727	0.000772874343082603	0.000797326411861503
mextraccion_autoservicio_rank_lag2	0.000267899457443067	0.000783553106579333	0.00106875667972925
mpagomiscuentas_rank_delta3	0.00026559388026511	0.00127061600824386	0.000542860535735491
Visa_madelantodolares_rank	0.000265542200076467	4.12168158835591e-05	0.000220537092642543
vm_status02_delta1	0.000264550435811837	7.20864461766396e-05	8.48219587086705e-05
internet_lag2	0.000263859391061124	0.000633833672058198	0.000169643917417341
mtarjeta_visa_consumo_rank_delta1	0.000263838322429134	0.00112344167662333	0.000712504453152832
mcaja_ahorro_dolares_rank_delta1	0.000263654950867312	0.000921686787764198	0.000542860535735491
mautoservicio_rank_delta3	0.000262873090465028	0.000731120872601004	0.00105179228798751
vm_msaldopesos_rank_delta2	0.000260954379296311	0.000861812387698992	0.000882148370570173
vm_mpagominimo_rank_delta3	0.000259828837966737	0.000872361846420352	0.000916077154053641
vmr_msaldopesos_lag2	0.000259179632590243	0.000381152326629779	0.000644646886185896
mcuenta_debitos_automaticos_rank_lag2	0.000258024043931302	0.00141529232920983	0.000848219587086705
Master_Fvencimiento_delta3	0.000257749176136509	0.000398365205567016	0.000814290803603237
cprestamos_personales_lag3	0.000256635711821378	0.00237252595823788	0.000610718102702428
thomebanking_delta1	0.000255802040364875	0.000729975617970283	0.000508931752252023
ccomisiones_otras_lag3	0.000255192911513164	0.000527285135373162	0.000797326411861503
Master_msaldopesos_rank_lag3	0.000255170401405613	0.000417638815429152	0.000848219587086705
vmr_msaldototal_lag2	0.00025429112035315	0.000512864754643644	0.000899112762311907
vmr_Visa_mlimitecompra_lag2	0.000253120363649139	0.000607395675954779	0.00103482789624578
vm_status06_delta2	0.000249615752194001	0.000387569336573461	0.000101786350450405
vm_cconsumos_delta3	0.000248395900362707	0.000577870997178142	0.000322323443092948
mprestamos_prendarios_rank_lag1	0.000248352368435052	0.00391704573757664	0.000644646886185896
vmr_mconsumospesos_lag1	0.000248092881594544	0.000826915858907805	0.000916077154053641
vm_mlimitecompra_rank_lag2	0.00024739890929188	0.000547717146293517	0.000882148370570173
vm_msaldototal_rank_delta2	0.000246499376280541	0.000514880704365939	0.000627682494444162
ctarjeta_visa_transacciones_lag2	0.000244931783154738	0.000917372221185405	0.000814290803603237
vm_status03	0.000242990619472054	0.000115049236444292	0.000407145401801618
cprestamos_personales_delta1	0.000242040866508121	0.00156567586669242	0.000254465876126012
Visa_fultimo_cierre	0.000237014328039114	0.00044660206219108	0.000899112762311907
Master_mconsumototal_rank	0.000236471674065054	0.000513827891473251	0.000729468844894566
mextraccion_autoservicio_rank_delta3	0.000234735737132011	0.000961694738493203	0.000797326411861503
mpagomiscuentas_rank_lag3	0.000234640881241662	0.000743135949615706	0.000797326411861503
vm_msaldopesos_rank_lag1	0.000234019000025826	0.00105125278681569	0.00066161127792763
ctarjeta_debito_transacciones_delta1	0.000233909711780744	0.00291459608880237	0.000559824927477225
Master_msaldototal_rank_delta3	0.000232775083579475	0.000848992385616167	0.000865183978828439
vmr_mconsumospesos_lag3	0.000230386060874991	0.000481912722391458	0.000933041545795376
Master_fultimo_cierre_delta3	0.000229543129587369	0.000281173177212343	0.000746433236636301
matm_rank_lag2	0.000228292266543779	0.00131563221744647	0.000966970329278844
vm_Finiciomora_lag3	0.000228039009694503	0.00133474837326629	0.000339287834834682
vm_mconsumospesos_rank	0.00022789860262255	0.000488270024065	0.00066161127792763
vm_cconsumos_lag3	0.000227777772522719	0.00193452135654332	0.000797326411861503
Visa_delinquency_delta2	0.000227705239246703	0.000909599613771023	0.000322323443092948
vm_status04	0.000227473253205789	0.000217402698862729	0.000271430267867746
vm_mfinanciacion_limite_rank_lag1	0.000227397866682758	0.000429329664413496	0.000814290803603237
Visa_cadelantosefectivo	0.000226716617447706	0.00012559047391272	0.000271430267867746
vmr_msaldototal_delta2	0.000226221507962774	0.000605719563277624	0.000695540061411098
ctarjeta_debito_delta2	0.000225940050110761	0.00164995124854598	0.00028839465960948
vm_mconsumospesos_rank_delta3	0.000225728676844293	0.000511125523960112	0.000865183978828439
Master_msaldototal_rank_delta2	0.000224966430097586	0.000514462784360928	0.000695540061411098
ccajas_consultas	0.000222821380325529	0.00134372772422157	0.000220537092642543
Visa_fultimo_cierre_lag3	0.00022078452503972	0.00053220375566965	0.000933041545795376
Master_cconsumos_lag2	0.000218629532856257	0.000606104825586659	0.000712504453152832
ctarjeta_debito_transacciones_delta3	0.000217927173654721	0.00177965056828442	0.000814290803603237
mextraccion_autoservicio_rank_delta2	0.000217074897287426	0.000858049705873439	0.000729468844894566
vmr_mconsumospesos_delta3	0.00021678431017953	0.000915797453446461	0.000746433236636301
Master_madelantopesos_rank_lag1	0.000215660954485991	0.000105582937268146	0.000390181010059884
ccajas_transacciones_delta2	0.000214534601447017	0.000364549487391635	0.000339287834834682
ctarjeta_debito_transacciones_lag2	0.000213207714706356	0.00139953737771641	0.000882148370570173
vm_Fvencimiento_delta3	0.00021128401648044	0.000340722061124612	0.000576789319218959
Master_mpagominimo_rank_delta3	0.000211262193833135	0.000866833792600103	0.000882148370570173
vmr_msaldopesos2_lag1	0.00021117830586058	0.000644087203559983	0.000916077154053641
mttarjeta_visa_debitos_automaticos_rank_delta1	0.000209809364826434	0.00126866632106247	0.000627682494444162
vmr_mconsumototal_delta3	0.000209468846974794	0.000907309066623624	0.000797326411861503
Master_mconsumototal_rank_lag3	0.000208223352250671	0.000770662144096782	0.000763397628378035
Master_fultimo_cierre_delta2	0.000207659509253651	0.00033011126503691	0.000814290803603237
tcallcenter_lag3	0.000206280284735712	0.000564827354284006	0.000576789319218959
vm_msaldototal_rank_delta1	0.000206185965038002	0.000462258131333565	0.000508931752252023
ctarjeta_debito_transacciones_lag3	0.000205523588212629	0.000626666709571757	0.000797326411861503
Master_msaldototal_rank_lag1	0.000204612719287574	0.000466469837535819	0.000678575669669364
minversion2_rank	0.000204390142257166	0.00168236124612795	0.00028839465960948
vmr_mconsumototal_lag3	0.000202589304138811	0.00041022809468759	0.000729468844894566
vm_msaldopesos_rank_lag3	0.000202244137133736	0.000389011541344628	0.000576789319218959
vmr_mconsumospesos	0.000200456199956226	0.000438692989555227	0.000678575669669364
Master_msaldopesos_rank_delta2	0.000200319459717784	0.00099571962504386	0.00066161127792763
vm_mpagospesos_rank_delta2	0.000196805685170882	0.000383518153176141	0.000848219587086705
Visa_fechaalta_delta2	0.000196734622918196	0.000287747565426427	0.000424109793543353
vm_msaldopesos_rank_lag2	0.000196541707471354	0.00055560716229239	0.000593753710960694
vm_Finiciomora_lag2	0.000196179044709367	0.00126699395909518	0.000322323443092948
Master_mpagospesos_rank_lag2	0.000193288886014417	0.000774820734185625	0.000712504453152832
Master_msaldototal_rank_lag3	0.000191042822606807	0.000338091525388239	0.000831255195344971
Master_msaldopesos_rank_delta1	0.000191004053732764	0.00103839558072191	0.000712504453152832
Visa_fultimo_cierre_lag1	0.000190548763558496	0.000275718963124645	0.000763397628378035
Master_fultimo_cierre_delta1	0.000190057874195279	0.000542882216078714	0.00066161127792763
vm_status05_delta2	0.000189378834728057	0.000378393092293368	0.000152679525675607
active_quarter_lag3	0.000189151216017277	0.000291862738207163	0.000576789319218959
Master_msaldototal_rank_lag2	0.000189087502929257	0.000391907960735717	0.000729468844894566
vmr_mconsumototal_lag2	0.000188232621187906	0.000330134981646749	0.000729468844894566
vm_mpagospesos_rank_delta1	0.000187559679236902	0.000946169413792499	0.000763397628378035
Master_mconsumototal_rank_delta3	0.000187342070212864	0.000367320239059342	0.000610718102702428
Visa_mpagosdolares_rank_lag3	0.000187085918144167	0.000337631362539824	0.000763397628378035
Master_msaldopesos_rank_delta3	0.000186591474550502	0.000688222829435932	0.000593753710960694
vmr_mconsumospesos_lag2	0.000186182974041141	0.000372249202222421	0.000712504453152832
ccajas_consultas_delta3	0.000186155141671542	0.000971774335560846	0.000220537092642543
Master_mconsumospesos_rank	0.000184269542313377	0.000507960341581484	0.000712504453152832
active_quarter	0.000183839072310521	0.00070674940397409	0.000695540061411098
Master_mconsumototal_rank_lag1	0.000182198451469318	0.000628217230297446	0.000610718102702428
matm_rank_lag3	0.000182116723906641	0.000663722662208979	0.000763397628378035
tcuentas_lag3	0.000181882568086772	0.000755002286358476	0.000271430267867746
vm_msaldopesos_rank_delta1	0.000181645297514168	0.000620033408692657	0.000610718102702428
tcuentas_lag2	0.000180799567589444	0.000953816505027332	0.000339287834834682
mpagomiscuentas_rank_lag2	0.000180594967906351	0.00074416747059988	0.00066161127792763
vm_cconsumos_lag2	0.000180286931916245	0.000814791367245794	0.000407145401801618
vmr_mconsumototal_lag1	0.000180098954643244	0.000637365855714003	0.000797326411861503
vm_mconsumospesos_rank_lag3	0.000179965448444026	0.000489891580962333	0.000593753710960694
Visa_mconsumosdolares_rank_delta2	0.000179616875283758	0.000440031765660483	0.000831255195344971
Master_msaldototal_rank_delta1	0.000177279743343237	0.000463081355319503	0.000576789319218959
Master_mpagosdolares_rank	0.000177116774996733	0.000210814065528358	0.000441074185285087
Visa_mconsumosdolares_rank_delta1	0.00017626082922299	0.00024248630984611	0.000678575669669364
Master_mconsumospesos_rank_lag1	0.000175874316888049	0.000463736441422907	0.000593753710960694
vm_mpagominimo_rank_delta1	0.000174013755479303	0.000731920152661354	0.000559824927477225
vmr_mpagospesos_lag2	0.000173953902105023	0.000263907826222986	0.00066161127792763
mtransferencias_recibidas_rank_delta1	0.00017390787074424	0.000512089759482507	0.00066161127792763
cprestamos_personales_lag2	0.000170287691908404	0.00148165060793495	0.000339287834834682
ctarjeta_debito_transacciones_delta2	0.000169733989837794	0.00155038604110795	0.000525896143993757
vm_mconsumospesos_rank_lag2	0.000169159441022643	0.000544765602833234	0.000644646886185896
vm_mlimitecompra_rank_lag1	0.000169116192080526	0.000453054874365269	0.000763397628378035
vmr_mpagospesos_delta2	0.000167400297230894	0.000960277008051038	0.000678575669669364
mtarjeta_master_consumo_rank_delta3	0.000166938212275572	0.000573273915008979	0.000390181010059884
ctarjeta_visa_debitos_automaticos_delta3	0.000165807242816307	0.000274569313722772	6.78575669669364e-05
vm_msaldototal_rank_lag1	0.000163229431760355	0.000669659467632353	0.000542860535735491
ctarjeta_debito_lag3	0.000162245039072474	0.000575318165542057	0.000356252226576416
vm_mconsumototal_rank_lag3	0.000161740828131799	0.000572156014040086	0.000678575669669364
Master_mconsumototal_rank_lag2	0.000160426567158256	0.000581759763472616	0.000593753710960694
Master_Fvencimiento_delta2	0.000160242793739505	0.000333141573404311	0.000525896143993757
vm_mconsumospesos_rank_delta2	0.000160050212184696	0.00047456072488512	0.000593753710960694
vm_mpagospesos_rank_lag3	0.000159228132119566	0.000420798542229798	0.000458038577026821
mtarjeta_master_consumo_rank_delta1	0.000157571627632312	0.00136412378136758	0.000339287834834682
vmr_mpagospesos_delta1	0.00015705957697369	0.00118718548325837	0.000712504453152832
vmr_msaldopesos_delta1	0.000155780602410987	0.000338253677289376	0.000542860535735491
Master_cconsumos_lag1	0.000153728552335244	0.000330917364569737	0.000542860535735491
ccallcenter_transacciones_delta3	0.000153628634563497	0.000400812486923529	0.000220537092642543
Master_delinquency_delta2	0.000151961792466207	0.000490026076113977	0.000169643917417341
mpagomiscuentas_rank_lag1	0.000150480676305088	0.00121363867163103	0.000593753710960694
vmr_msaldototal_delta1	0.000150281950896422	0.000614774117859947	0.000593753710960694
Visa_Fvencimiento_delta3	0.000149724763546095	0.000189755761832838	0.00028839465960948
Master_cconsumos_delta2	0.000149063174591286	0.000424279087324563	0.000458038577026821
Master_mconsumospesos_rank_lag3	0.000148932332149943	0.000699864540332477	0.000559824927477225
vm_cconsumos_delta2	0.000147715478027011	0.000261159048411041	0.000135715133933873
vm_fultimo_cierre_delta3	0.000146790051520959	0.000122936676198007	0.00028839465960948
Master_cconsumos_lag3	0.000146232647112543	0.00036959832172649	0.000525896143993757
vm_msaldototal_rank_lag3	0.000145620477933776	0.000279859595269297	0.000559824927477225
mprestamos_prendarios_rank_lag2	0.000145486009405232	0.000967274771848115	0.000186608309159075
ccallcenter_transacciones_delta2	0.000145092567113215	0.000734004941169716	0.000271430267867746
Master_mpagospesos_rank_lag1	0.000145090322286721	0.000510879113687916	0.000542860535735491
vm_mconsumosdolares_rank_lag2	0.000143295595743784	0.00125637369151792	0.000525896143993757
ccajas_transacciones_lag1	0.000141408946557596	0.000695788844720196	0.000491967360510289
mautoservicio_rank_lag1	0.000140811926875583	0.000383721903859393	0.000508931752252023
cextraccion_autoservicio_lag3	0.00013796914338985	0.00141940549403478	0.000475002968768555
Visa_fultimo_cierre_delta3	0.000137747596578287	0.00016998023879634	0.000407145401801618
Master_mpagominimo_rank_delta2	0.000137439333963151	0.000546699832543671	0.000559824927477225
Master_mconsumosdolares_rank_lag3	0.000137387908917156	0.000214269378574955	0.000525896143993757
Visa_status_delta2	0.000137288642748555	0.000400803242749726	0.000220537092642543
ccajas_depositos	0.000134282804171391	0.00200138249559177	0.000322323443092948
vmr_msaldopesos2_delta1	0.000132924347347101	0.000327287169940044	0.000508931752252023
Visa_mpagosdolares_rank	0.00013266295281055	0.000205574134420293	0.000525896143993757
ctransferencias_recibidas_delta3	0.000130867354440895	0.00126396626485889	0.000322323443092948
mtarjeta_master_consumo_rank_lag1	0.000130466388924844	0.000799730372848908	0.000220537092642543
internet_delta3	0.000129952414690765	0.00161060406681411	0.000475002968768555
vm_status01_delta2	0.000129943610482685	0.000395826505393344	0.000254465876126012
mextraccion_autoservicio_rank	0.000128211262989506	0.000374778393020583	0.000339287834834682
vm_mconsumospesos_rank_delta1	0.000128107095531524	0.00030924299730777	0.000491967360510289
Master_mpagosdolares_rank_lag2	0.000127762361811384	0.000128874693972043	0.000390181010059884
vm_status04_delta2	0.000127339309795154	0.00103704278681211	0.000220537092642543
vm_status03_delta3	0.000126902033174269	0.00105429249090073	0.000237501484384277
Master_mpagominimo_rank_delta1	0.000126672031189054	0.00088975669161487	0.000475002968768555
Master_madelantopesos_rank	0.000126078965101394	0.000147740120520428	0.000186608309159075
mautoservicio_rank_delta1	0.000123869223222973	0.00107453677689816	0.000475002968768555
mcuenta_debitos_automaticos_rank_lag1	0.00012314104471999	0.000730200395360341	0.000390181010059884
vm_mconsumototal_rank_lag2	0.000121781566230745	0.000270577535507926	0.000407145401801618
vm_mconsumototal_rank_delta2	0.000120839077037753	0.000322043109262535	0.000424109793543353
vmr_mconsumospesos_delta2	0.000120364821036622	0.000423468441476751	0.000475002968768555
Master_mpagospesos_rank_delta3	0.000120279566898468	0.000431616763938698	0.000458038577026821
cpagomiscuentas_delta3	0.000119709965000887	0.000710053248959765	0.000169643917417341
vmr_mpagospesos_lag1	0.000119695263823981	0.00031265868164208	0.000458038577026821
matm_rank	0.000119506308638166	0.000261630236073295	0.000271430267867746
cproductos_lag3	0.000116966685964298	0.00154974213136221	0.000491967360510289
Visa_mpagosdolares_rank_delta1	0.000116114734175793	6.10478797347924e-05	0.000237501484384277
vm_mconsumototal_rank_delta1	0.000115806477523811	0.000530287446017446	0.000525896143993757
Master_cconsumos_delta1	0.000115723814856851	0.00021054337035695	0.000356252226576416
matm_other_rank_delta3	0.00011497138667999	0.000511213154181451	0.000390181010059884
mtarjeta_master_consumo_rank_lag2	0.000114821835745773	0.000538382614480025	0.000525896143993757
Master_mconsumospesos_rank_delta2	0.000114337736451153	0.000234341889637859	0.000407145401801618
Master_madelantodolares_rank	0.000113056248083447	0.000104827415489529	0.000220537092642543
vmr_mconsumosdolares	0.00011258795027957	0.000495211640872011	0.000254465876126012
ctransferencias_recibidas_delta2	0.000112240499504632	0.0018762468047214	0.000356252226576416
mcheques_emitidos_rank_lag2	0.000112166814915282	0.00106209116385436	0.000305359051351214
ctarjeta_visa_transacciones_delta1	0.000111595396600369	0.00163631972923831	0.000305359051351214
matm_rank_delta2	0.000111449116736055	0.000495462786888982	0.000407145401801618
matm_rank_lag1	0.000110840996606794	0.000689676703082228	0.000475002968768555
cseguro_vida_lag3	0.000110079547493539	0.000874283611650538	0.000186608309159075
ctarjeta_visa_transacciones_lag1	0.000109299534787234	0.000279026179960601	0.000237501484384277
cinversion1	0.000109209419583082	0.000526679604103096	8.48219587086705e-05
ccajas_consultas_delta1	0.000108681469142155	0.00127062316868996	0.000220537092642543
Visa_fechaalta_delta3	0.000108633453815008	0.000148835289914395	0.000322323443092948
mv_status07_rank_delta3	0.000108580790085404	0.00124846253515437	0.00037321661831815
Master_fechaalta_delta2	0.000108553096387783	0.00026489365674156	0.000339287834834682
vm_msaldototal_rank_lag2	0.000108457299424413	0.000188489802539262	0.000424109793543353
mtarjeta_master_consumo_rank_lag3	0.000108042577121065	0.000467317763166509	0.000458038577026821
vmr_mconsumototal_delta2	0.000107217385584191	0.000333468680767494	0.000441074185285087
cproductos_lag2	0.000106861705922831	9.51728231010815e-05	3.39287834834682e-05
vm_fultimo_cierre_delta1	0.000106184006311856	0.000181626268692121	0.000508931752252023
Visa_fultimo_cierre_delta2	0.000106128805717481	0.000157159554766268	0.000356252226576416
Visa_Fvencimiento_delta1	0.000105459372960584	0.000129543722108068	0.000254465876126012
Master_madelantopesos_rank_lag3	0.000105260772839948	7.76657975843046e-05	0.000339287834834682
mextraccion_autoservicio_rank_lag1	0.000104907503575468	0.000242880702671073	0.000407145401801618
ctarjeta_visa_delta3	0.000104734625974351	0.000387269961731688	0.000101786350450405
Master_Fvencimiento_delta1	0.000102543068200861	0.000134944138135108	0.000458038577026821
cseguro_accidentes_personales	0.000102209466855696	0.000471848772224554	0.000305359051351214
Visa_fechaalta_delta1	0.000102166878759301	7.24798160807307e-05	0.000237501484384277
Master_mpagosdolares_rank_lag1	0.000101827491242469	0.0001469979345991	0.000339287834834682
cmobile_app_trx_delta2	0.000101378201443054	0.000807171478128955	0.000407145401801618
Master_mconsumosdolares_rank_lag1	0.000100760814023148	0.000152568534350419	0.00037321661831815
ctarjeta_debito_delta3	0.000100748083200084	0.00110181909946624	0.000220537092642543
Visa_mpagado_rank	0.000100613112739128	0.00019693647692211	0.000237501484384277
ctransferencias_recibidas_lag2	9.9928214460575e-05	0.00160997981988069	0.000356252226576416
Visa_status_delta1	9.94663264010512e-05	0.000143548266560276	0.000101786350450405
ctarjeta_visa	9.90461144994925e-05	9.67313377639531e-05	3.39287834834682e-05
Master_mconsumospesos_rank_delta3	9.78042383903065e-05	0.00022710502755852	0.000339287834834682
Visa_fultimo_cierre_delta1	9.740555495372e-05	0.000157677455814994	0.000424109793543353
Master_mpagospesos_rank_delta1	9.61687693943918e-05	0.000278827846969373	0.00037321661831815
Visa_mpagado_rank_delta3	9.54660342208468e-05	0.000352937213884618	0.000254465876126012
ccajas_extracciones	9.5264082404875e-05	0.00200138249559177	0.000322323443092948
cseguro_vida_delta2	9.50180192078161e-05	0.00211118649689384	0.000356252226576416
vm_fechaalta_delta2	9.46981007009589e-05	0.000109649881224081	0.000118750742192139
mplazo_fijo_dolares_rank_lag3	9.41222239112044e-05	0.000342356499247735	0.000118750742192139
Visa_delinquency_lag2	9.32911256790857e-05	0.000237586443098936	0.000203572700900809
vmr_mconsumospesos_delta1	9.25368464673246e-05	0.000339632915598	0.000322323443092948
vm_mconsumototal_rank	9.25211652893832e-05	0.000159770124602664	0.000322323443092948
Master_mconsumosdolares_rank_lag2	9.24868018108411e-05	0.000156201229453354	0.00037321661831815
vm_mconsumospesos_rank_lag1	9.14630509378531e-05	0.000134365771097079	0.000339287834834682
vm_mconsumosdolares_rank_lag1	9.11291882063147e-05	0.00117482613654141	0.000356252226576416
cplazo_fijo	9.10021123377361e-05	0.000948023287385574	0.000152679525675607
vm_Fvencimiento_delta2	8.97168872603293e-05	0.000418969105079769	0.000305359051351214
ccomisiones_otras_delta1	8.9700764942893e-05	0.000692605969599085	0.000305359051351214
matm_rank_delta3	8.96526098668551e-05	0.000398843818877079	0.000356252226576416
Master_mconsumototal_rank_delta2	8.91865491005187e-05	0.000209587166657695	0.000305359051351214
mprestamos_prendarios_rank	8.83823910643869e-05	0.000210671841641239	3.39287834834682e-05
Master_mconsumospesos_rank_delta1	8.78534790144034e-05	0.000304116686188377	0.000407145401801618
vm_mpagospesos_rank_lag1	8.77774260473403e-05	0.000253967043306223	0.000339287834834682
tcuentas_lag1	8.6885381240456e-05	0.00222257242638097	0.000424109793543353
cplazo_fijo_lag3	8.6800459207623e-05	0.000726232750500874	0.000135715133933873
ccajeros_propios_descuentos_delta1	8.60481456484147e-05	0.000102090003465047	0.000118750742192139
vm_mconsumosdolares_rank_delta3	8.42404948260395e-05	0.000171363379358659	0.000101786350450405
mforex_sell_rank_delta3	8.39023201301433e-05	0.000764413044719886	0.000254465876126012
cmobile_app_trx	8.33136083072767e-05	0.000877457356255721	0.000203572700900809
vmr_mconsumosdolares_lag2	8.31351912788896e-05	0.000369337552676132	0.000271430267867746
mcheques_depositados_rank	8.28930588062545e-05	0.000523502563419549	8.48219587086705e-05
vm_mpagospesos_rank_lag2	8.28740893871202e-05	0.000185551481278394	0.000322323443092948
ccomisiones_mantenimiento_lag3	8.24899547731462e-05	0.00139663186569535	0.00028839465960948
cpagomiscuentas_delta2	8.23764795442959e-05	0.00108115310486798	0.000186608309159075
catm_trx_lag3	8.21330845354293e-05	0.000786491162638494	0.000271430267867746
Visa_msaldodolares_rank	8.12844062065553e-05	0.000126307238356089	0.000169643917417341
Visa_mpagosdolares_rank_lag2	8.11018771916879e-05	0.000128136031444829	0.000305359051351214
mplazo_fijo_dolares_rank_delta2	8.09310607966856e-05	0.000480951101000179	0.000135715133933873
matm_other_rank_lag3	8.07736900887074e-05	0.000258747834486744	0.000305359051351214
Master_mconsumototal_rank_delta1	8.00733015536881e-05	0.000286401780418903	0.000407145401801618
vmr_Visa_mlimitecompra_delta3	7.8669824235122e-05	0.000673131639930354	0.000203572700900809
ctarjeta_visa_descuentos_delta2	7.84473571769131e-05	6.55100121208122e-05	8.48219587086705e-05
Master_mpagosdolares_rank_lag3	7.77447509176062e-05	0.000129640482845335	0.000322323443092948
Visa_mpagado_rank_lag2	7.66652249074808e-05	0.000285014964918638	0.000322323443092948
mv_status07_rank_delta1	7.62222272308546e-05	0.00267011868242255	0.000559824927477225
Visa_msaldodolares_rank_lag3	7.59588022733963e-05	0.000715771338746394	0.000254465876126012
cmobile_app_trx_delta1	7.56967507623929e-05	0.00203073558886367	0.000390181010059884
vm_mconsumosdolares_rank_delta2	7.55717020986376e-05	0.000428116025628207	0.000237501484384277
Master_mpagospesos_rank_delta2	7.51497111234504e-05	0.00021440175211294	0.000339287834834682
vm_mconsumosdolares_rank_lag3	7.47543576275705e-05	0.000241238914672057	0.000237501484384277
vmr_mpagado_delta2	7.46855407597268e-05	0.00106433154999309	0.000254465876126012
mcuenta_debitos_automaticos_rank_delta1	7.42067523584935e-05	0.000403760620647573	0.000254465876126012
vmr_msaldodolares2_delta3	7.3382643748505e-05	0.00149529875917828	0.00037321661831815
Visa_mpagado_rank_delta1	7.31036320408991e-05	0.000415838474695028	0.000237501484384277
Visa_delinquency_delta1	7.22899517724777e-05	0.000102139141552845	0.000135715133933873
vm_fultimo_cierre_delta2	7.22502526461951e-05	8.95809693272073e-05	0.000271430267867746
vm_mpagado_rank_delta2	7.15380213627533e-05	0.000921847840972547	0.000254465876126012
mtarjeta_visa_descuentos_rank_delta3	7.13652036702694e-05	0.000178369364408668	0.000220537092642543
Visa_mpagosdolares_rank_delta2	7.00874676013387e-05	0.000174597021663772	0.000254465876126012
mtarjeta_master_descuentos_rank_lag2	6.975155577774e-05	0.00029584519647629	0.000203572700900809
mplazo_fijo_dolares_rank_delta1	6.90948470097279e-05	0.000990591381740597	0.000169643917417341
vm_status03_delta2	6.87414821246841e-05	0.00033399715199856	6.78575669669364e-05
ccajas_otras_delta3	6.81543910293825e-05	0.000690972364967041	0.000135715133933873
vmr_mconsumototal_delta1	6.79548553857028e-05	0.000592299068757176	0.000305359051351214
cseguro_accidentes_personales_lag3	6.72264402548881e-05	0.000461199976520768	0.000169643917417341
Visa_status_lag3	6.70232378959972e-05	0.000582667207943655	0.000186608309159075
cpayroll_trx_lag3	6.6584166164337e-05	0.000453797780119803	0.000118750742192139
ctarjeta_debito_delta1	6.63774274532986e-05	0.00199408774376828	0.000322323443092948
Visa_delinquency_lag3	6.55949071843205e-05	0.000290220533462606	0.000186608309159075
Visa_mpagosdolares_rank_delta3	6.55192041338753e-05	6.84690948867793e-05	0.00028839465960948
Visa_mpagosdolares_rank_lag1	6.5233212340721e-05	0.0001632952993562	0.000305359051351214
Visa_mpagado_rank_lag1	6.51433092640958e-05	0.000233956740986699	0.000220537092642543
vmr_msaldodolares2_lag3	6.46747550557038e-05	0.00107405153354541	0.000254465876126012
Visa_msaldodolares_rank_lag2	6.43492516406528e-05	0.00028623466545724	0.000237501484384277
mextraccion_autoservicio_rank_delta1	6.42304525424106e-05	0.000676810896875928	0.000254465876126012
Master_fechaalta_delta1	6.35266474034162e-05	6.10489784275805e-05	0.000220537092642543
active_quarter_delta3	6.34402294847191e-05	8.86519298599895e-05	0.000101786350450405
mforex_sell_rank_lag3	6.33689249760544e-05	0.000653628289617634	0.000237501484384277
Master_status_delta3	6.3058329360126e-05	4.36212103353783e-05	0.000118750742192139
Master_mconsumosdolares_rank_delta1	6.30205168355029e-05	9.13092509688165e-05	0.000220537092642543
vm_cconsumos_lag1	6.29756929801841e-05	0.000315567110881921	0.000169643917417341
vmr_Visa_mlimitecompra_delta2	6.22978334137074e-05	0.000677658405761079	0.000203572700900809
mtarjeta_visa_consumo_rank_lag1	6.19803719278734e-05	0.000346809652661659	0.00028839465960948
Master_cconsumos_delta3	6.17555999872723e-05	0.000177052675817049	0.000254465876126012
vm_Finiciomora_delta2	6.17431258255636e-05	0.00104939978459966	0.000169643917417341
mplazo_fijo_dolares_rank_lag1	6.14142058574866e-05	0.000369312282742007	8.48219587086705e-05
Master_delinquency_lag2	6.0463067654792e-05	0.000221103475032567	0.000169643917417341
cextraccion_autoservicio_delta2	6.03605788362172e-05	0.000732931291000012	0.000254465876126012
ctarjeta_master_delta2	6.01644633859916e-05	0.000460877188156822	0.000101786350450405
mpagomiscuentas_rank_delta1	5.99103577460355e-05	0.000773902264900748	0.000220537092642543
ccuenta_debitos_automaticos_delta3	5.96082225745629e-05	0.00066220029075024	0.000118750742192139
mtarjeta_visa_descuentos_rank_delta1	5.95043939890775e-05	0.000315275351117748	0.000169643917417341
matm_other_rank_lag1	5.93807207371616e-05	0.000286477325019573	0.000203572700900809
matm_other_rank_lag2	5.92844044097582e-05	0.000179519392670123	0.000220537092642543
ctarjeta_debito_lag2	5.92196151285289e-05	0.00142261007780994	0.000305359051351214
vm_mconsumototal_rank_lag1	5.91384655173281e-05	0.000170539738627181	0.000203572700900809
mttarjeta_master_debitos_automaticos_rank_delta2	5.88792500115564e-05	0.00123127356225676	0.000271430267867746
ctarjeta_debito_transacciones_lag1	5.82620385940692e-05	0.000287159120723515	0.000203572700900809
Visa_Fvencimiento_delta2	5.74993334214176e-05	7.40090448979062e-05	0.000152679525675607
cextraccion_autoservicio_lag2	5.67286901499211e-05	0.00026883288713237	0.000169643917417341
Visa_mpagado_rank_lag3	5.6036346704368e-05	0.000199142917242284	0.000237501484384277
ctransferencias_emitidas_delta3	5.56253804407251e-05	0.000287256904381654	0.000118750742192139
cseguro_auto	5.53985481741043e-05	0.00189604657477115	0.000305359051351214
ccajas_extracciones_delta2	5.48780708399061e-05	0.000903360478401137	0.000169643917417341
ctarjeta_visa_lag1	5.48186249255769e-05	0.0015732276368564	0.000254465876126012
ccaja_ahorro_delta1	5.44141571836008e-05	0.0008271906457627	0.000135715133933873
ctarjeta_master_transacciones_delta2	5.32387616360474e-05	0.000321565784075051	0.000118750742192139
ccajas_extracciones_lag2	5.2403453192889e-05	0.000854187838609294	0.000186608309159075
ccajas_depositos_delta2	5.1431467084289e-05	0.000541664258294189	0.000101786350450405
Master_mconsumosdolares_rank	5.06715835114938e-05	0.000129119134174412	0.000271430267867746
mtarjeta_master_descuentos_rank_delta2	5.06025121040175e-05	6.30392793561679e-05	0.000101786350450405
vm_fechaalta_delta3	4.99564309742656e-05	8.57993445225498e-05	0.000203572700900809
Master_mpagosdolares_rank_delta1	4.88066011042163e-05	3.80183696336233e-05	0.000169643917417341
matm_other_rank_delta1	4.87894867589305e-05	0.000708511782978088	0.000152679525675607
mtarjeta_master_consumo_rank_delta2	4.86216163860267e-05	0.000222927873350154	0.000186608309159075
Master_delinquency_lag1	4.84028077459794e-05	6.27316074895471e-05	0.000220537092642543
Master_mpagado_rank_lag2	4.83633492229662e-05	0.000347628633420278	0.000152679525675607
mprestamos_prendarios_rank_lag3	4.81646186499311e-05	0.000389416921097472	6.78575669669364e-05
ctransferencias_recibidas_lag3	4.81568593117442e-05	0.000589352223155711	0.000203572700900809
catm_trx_delta3	4.79780096754179e-05	0.000241609704545055	0.000135715133933873
cmobile_app_trx_lag1	4.78559051577123e-05	0.000923534864805666	0.000254465876126012
Master_madelantodolares_rank_lag3	4.74460337695988e-05	5.29050128508276e-05	0.000220537092642543
vm_Fvencimiento_delta1	4.6931790099166e-05	3.6026098635209e-05	0.000118750742192139
cseguro_vida_lag2	4.63866694334975e-05	0.000379448367773341	8.48219587086705e-05
matm_rank_delta1	4.62040167780751e-05	0.000691979184306464	0.000271430267867746
mforex_buy_rank_delta3	4.5550457449462e-05	0.00139418693326825	0.000237501484384277
catm_trx_lag2	4.51213434279388e-05	0.000375970739897358	0.000186608309159075
mtarjeta_visa_descuentos_rank_delta2	4.4882872064702e-05	5.34224592680554e-05	0.000101786350450405
Master_mpagosdolares_rank_delta2	4.47931233487578e-05	5.24351890830694e-05	0.000169643917417341
vm_mpagado_rank_delta3	4.47782580400835e-05	0.000577358703251231	0.000169643917417341
Master_mpagado_rank	4.45432318172843e-05	0.000158151295494323	0.000152679525675607
Visa_madelantopesos_rank	4.44774545059763e-05	0.00011576664494895	0.000169643917417341
ccajas_extracciones_lag3	4.4144919302363e-05	0.000614697360908614	0.000186608309159075
ctransferencias_emitidas_delta2	4.38241992759539e-05	0.000326252201333672	6.78575669669364e-05
ctarjeta_visa_debitos_automaticos_lag3	4.34230726877057e-05	0.000788856572439315	0.000152679525675607
Master_mpagado_rank_delta2	4.33731552256615e-05	0.000635243408563181	0.000152679525675607
vm_mpagado_rank_lag1	4.33167948757335e-05	0.000363664054662316	0.000152679525675607
mcheques_emitidos_rank_delta1	4.30052878573898e-05	0.00126278888293561	0.000203572700900809
Visa_msaldodolares_rank_delta3	4.25377409197445e-05	0.000504446077983913	0.000203572700900809
cpayroll_trx_delta2	4.2415281739464e-05	0.0010024463526959	0.000169643917417341
mttarjeta_master_debitos_automaticos_rank	4.22262436389879e-05	0.00137900349145443	0.000254465876126012
ctransferencias_emitidas_lag3	4.13828446903466e-05	0.000608582870341237	0.000152679525675607
ccheques_depositados	4.11642346099732e-05	0.000316007762461858	5.08931752252023e-05
vmr_mpagado_lag1	4.11496103622392e-05	0.000574352717669	0.000186608309159075
Master_cadelantosefectivo_lag2	4.07598015197647e-05	0.000111800894387394	0.000203572700900809
vm_mconsumosdolares_rank	4.06356367181853e-05	0.000424328528500027	0.000237501484384277
vm_cconsumos	4.05040058382396e-05	0.000192938523296075	0.000135715133933873
vmr_mconsumosdolares_lag1	3.97683693709235e-05	0.000381826961887619	0.000203572700900809
Visa_cadelantosefectivo_lag3	3.97248699614493e-05	4.16147699885936e-05	0.000169643917417341
Master_mconsumosdolares_rank_delta2	3.96174938624422e-05	0.000109608737073465	0.000169643917417341
cprestamos_personales_lag1	3.9352822934934e-05	0.00114470160938844	0.000203572700900809
vm_mpagado_rank_lag3	3.9170092378815e-05	0.000133924664885644	0.000152679525675607
vmr_msaldodolares2_delta2	3.87604513873717e-05	0.000821762080468709	0.000186608309159075
mcheques_emitidos_rank_lag3	3.8651092567117e-05	0.000344895805596739	0.000101786350450405
ccajeros_propios_descuentos_lag3	3.86121283718179e-05	0.000824536014556905	0.000169643917417341
mttarjeta_master_debitos_automaticos_rank_delta3	3.84893826027364e-05	0.000558208904700524	0.000169643917417341
Master_status_delta1	3.84383609519201e-05	0.000106019800252262	8.48219587086705e-05
vm_status01_lag1	3.8365061935284e-05	6.215827928396e-05	6.78575669669364e-05
vmr_mpagosdolares_delta2	3.82255596549076e-05	0.00127207177618806	0.000220537092642543
mttarjeta_master_debitos_automaticos_rank_lag3	3.77946278313508e-05	0.000316711986653059	0.000135715133933873
vm_mpagado_rank_lag2	3.75199526554096e-05	0.000187450666477487	0.000101786350450405
vm_mpagado_rank_delta1	3.74935373510999e-05	0.000586797497221716	0.000152679525675607
vmr_mconsumosdolares_delta3	3.74129133462616e-05	8.53000075933462e-05	0.000135715133933873
Master_mpagado_rank_delta1	3.67562301282486e-05	0.00124692425159318	0.000220537092642543
vm_fechaalta_delta1	3.63839312645044e-05	6.88946299693904e-05	8.48219587086705e-05
vmr_mpagado_lag2	3.62058588484303e-05	0.000201066538884422	0.000118750742192139
Master_mpagado_rank_lag1	3.60643089946997e-05	0.000133865032387422	0.000118750742192139
ccajas_depositos_lag1	3.59896147337074e-05	0.00136936697066805	0.000220537092642543
vm_mpagosdolares_rank_delta2	3.59287667855117e-05	0.000626458791433102	0.000135715133933873
minversion2_rank_lag2	3.58398261666321e-05	0.000555921236885949	0.000118750742192139
Master_cadelantosefectivo_lag3	3.54683268347215e-05	4.91962427438074e-05	0.000169643917417341
mcaja_ahorro_adicional_rank_delta1	3.48475345982614e-05	0.00136936697066805	0.000220537092642543
cpayroll_trx_delta1	3.47354193261812e-05	0.00126245192522329	0.000203572700900809
vmr_mpagado	3.4602412552393e-05	0.00023305482786556	0.000101786350450405
vmr_mpagado_lag3	3.45575858830007e-05	0.000206909690219101	0.000152679525675607
vm_status03_lag2	3.41721643253155e-05	1.18099624369544e-05	3.39287834834682e-05
Visa_madelantodolares_rank_lag2	3.39781420096312e-05	3.4952827325087e-05	0.000118750742192139
ctarjeta_master_transacciones_lag3	3.39252175092319e-05	0.00034318911895131	0.000135715133933873
ctarjeta_master_transacciones_delta3	3.3829087960362e-05	0.000114957590311383	8.48219587086705e-05
vmr_msaldodolares2_lag2	3.37829676212604e-05	0.000441163911749663	0.000118750742192139
cpayroll_trx_delta3	3.33444181458753e-05	0.000462714126726577	0.000101786350450405
cprestamos_prendarios_delta2	3.29480147340334e-05	0.00175557995205165	0.00028839465960948
mcheques_depositados_rank_delta3	3.26815791647935e-05	0.000549887367637642	0.000118750742192139
minversion2_rank_lag3	3.20847226990333e-05	0.000368471138697835	8.48219587086705e-05
mplazo_fijo_dolares_rank_lag2	3.20568502407542e-05	0.000437591644750072	0.000118750742192139
vmr_msaldodolares2_delta1	3.20052120845402e-05	0.000462340722722462	0.000135715133933873
ctarjeta_debito_transacciones	3.17654449968738e-05	0.000274475697520036	0.000135715133933873
vmr_msaldodolares_lag1	3.17496572414886e-05	0.000490661537291028	0.000135715133933873
vmr_mconsumosdolares_delta2	3.1422514517055e-05	0.000224817435515862	0.000118750742192139
cplazo_fijo_delta1	3.13802053265947e-05	0.000828798450057202	0.000135715133933873
mtarjeta_master_descuentos_rank_delta1	3.12420829248407e-05	6.33289553926391e-05	0.000101786350450405
mcheques_depositados_rank_lag3	3.11677541360383e-05	0.000371543841452473	6.78575669669364e-05
cinversion1_lag1	3.10875697519886e-05	0.000632015524923716	0.000101786350450405
mprestamos_hipotecarios_rank_lag2	3.09735187548021e-05	0.000893686336858253	0.000152679525675607
minversion2_rank_lag1	3.09014247868995e-05	0.000735620587857568	0.000135715133933873
ccajas_extracciones_delta3	3.05197838250595e-05	0.000577879256317032	0.000118750742192139
Master_cadelantosefectivo_lag1	3.04933983419674e-05	4.61603272545911e-05	0.000152679525675607
mcheques_emitidos_rechazados_rank_lag3	3.03199906043347e-05	7.78909159479865e-05	5.08931752252023e-05
ccajas_otras_lag3	3.01486162187927e-05	0.000541619439205627	0.000101786350450405
catm_trx_other_lag3	2.96930604496041e-05	0.000143540158965219	8.48219587086705e-05
mprestamos_hipotecarios_rank_lag3	2.90668742822598e-05	0.000811361930308653	0.000152679525675607
mtarjeta_master_descuentos_rank_delta3	2.90168607843799e-05	6.40984949757941e-05	8.48219587086705e-05
Visa_msaldodolares_rank_delta2	2.89237157612785e-05	0.000386342361930882	0.000152679525675607
ccajas_consultas_lag3	2.88803582168342e-05	0.000311387797173937	8.48219587086705e-05
vm_status02_lag3	2.88240002789691e-05	9.37431206961227e-06	5.08931752252023e-05
cpagomiscuentas_lag2	2.87729671931882e-05	0.000353538464041406	0.000118750742192139
Visa_madelantodolares_rank_delta2	2.84270887258864e-05	1.95024410497226e-05	0.000101786350450405
ccallcenter_transacciones_delta1	2.82772127885344e-05	0.0012072175321179	0.000203572700900809
mcaja_ahorro_adicional_rank	2.82548732450945e-05	0.00115570240352995	0.000186608309159075
ccaja_seguridad_delta2	2.81883272897578e-05	0.00167019242789484	0.000271430267867746
vmr_Master_mlimitecompra_delta2	2.81756547582134e-05	0.000311253377794209	8.48219587086705e-05
Master_madelantodolares_rank_lag2	2.81649932617376e-05	2.69919645843615e-05	8.48219587086705e-05
Master_mconsumosdolares_rank_delta3	2.79707153120589e-05	3.1444852796578e-05	0.000118750742192139
Master_delinquency_lag3	2.75373054065968e-05	2.51174810300211e-05	0.000101786350450405
Master_mpagosdolares_rank_delta3	2.70402016146984e-05	3.90477311181803e-05	0.000135715133933873
Master_madelantopesos_rank_delta3	2.6978581197791e-05	5.9364189865996e-05	0.000101786350450405
internet_delta2	2.69766987167388e-05	0.000493747121271457	0.000101786350450405
Visa_madelantopesos_rank_lag2	2.69368609973448e-05	2.3139871897434e-05	0.000101786350450405
ctarjeta_visa_debitos_automaticos_lag2	2.69212114442274e-05	0.000398700913042712	6.78575669669364e-05
Visa_madelantopesos_rank_lag3	2.66116487272135e-05	3.66958466044397e-05	0.000135715133933873
Visa_msaldodolares_rank_lag1	2.65527141702088e-05	6.54970551231045e-05	8.48219587086705e-05
vm_status05_delta1	2.63239936157178e-05	0.000297711875523239	5.08931752252023e-05
Master_mpagado_rank_lag3	2.61352868612089e-05	7.89305445272183e-05	0.000118750742192139
ctarjeta_visa_descuentos_delta3	2.5799889521683e-05	0.000220651457665167	8.48219587086705e-05
vmr_Visa_mlimitecompra_delta1	2.57429948551655e-05	8.61466451014579e-05	6.78575669669364e-05
Visa_msaldodolares_rank_delta1	2.55978851540085e-05	3.00579994103545e-05	8.48219587086705e-05
Visa_cadelantosefectivo_lag2	2.47555199976383e-05	3.39745739981548e-05	0.000169643917417341
ccajeros_propios_descuentos_delta2	2.43426497900505e-05	5.11211525085248e-05	5.08931752252023e-05
ctarjeta_master	2.40651646502228e-05	4.87329353608612e-05	3.39287834834682e-05
ctarjeta_visa_descuentos_delta1	2.39772301295593e-05	3.7925814237717e-05	5.08931752252023e-05
vmr_mpagosdolares_lag1	2.38814301399435e-05	0.00074401702545983	0.000152679525675607
mforex_buy_rank_delta2	2.38542025958025e-05	0.000453499238769111	0.000101786350450405
cpagomiscuentas_lag3	2.38470167925603e-05	0.000314535779327537	0.000101786350450405
ctransferencias_emitidas_lag2	2.38079976558297e-05	0.000798392202918984	0.000152679525675607
Master_madelantodolares_rank_lag1	2.36721903319002e-05	2.83373328463454e-05	0.000135715133933873
cseguro_vivienda_lag3	2.3568196620612e-05	0.000131668745504049	6.78575669669364e-05
matm_other_rank_delta2	2.3294076933812e-05	0.000116879772287109	6.78575669669364e-05
vm_mpagosdolares_rank_lag3	2.32858046302587e-05	0.00058934907862118	0.000118750742192139
ctarjeta_visa_lag3	2.30677419094813e-05	0.000108540087850245	6.78575669669364e-05
ccheques_depositados_lag3	2.26701332702344e-05	0.000175141518655161	3.39287834834682e-05
minversion1_pesos_rank	2.26074124892379e-05	0.000105335920820619	1.69643917417341e-05
mv_status07_rank_delta2	2.24790360721039e-05	0.000328916607116684	0.000101786350450405
vmr_Master_mlimitecompra_delta1	2.21142115657875e-05	0.000318725663217862	0.000101786350450405
vm_msaldodolares_rank_lag2	2.20857018762372e-05	0.000248049142975996	8.48219587086705e-05
cextraccion_autoservicio_delta1	2.2069394723318e-05	0.00101717395066055	0.000169643917417341
ctransferencias_emitidas_delta1	2.17954823845875e-05	0.000606642616763445	0.000101786350450405
catm_trx_other_delta3	2.17044528299427e-05	0.000331866976112263	0.000101786350450405
mv_status07_rank_lag1	2.1609827961614e-05	0.000268200381060059	0.000118750742192139
mcajeros_propios_descuentos_rank_delta3	2.16056977953266e-05	7.13552471831927e-05	6.78575669669364e-05
Visa_madelantopesos_rank_lag1	2.15564940358796e-05	2.15060778355997e-05	8.48219587086705e-05
ccajeros_propios_descuentos_delta3	2.15314119769772e-05	0.000105726297734012	5.08931752252023e-05
vm_status01_lag2	2.14703339001183e-05	6.15177035025507e-06	3.39287834834682e-05
mpagodeservicios_rank_lag3	2.11954784448129e-05	0.00109729331867043	0.000186608309159075
Master_madelantopesos_rank_lag2	2.11667982134855e-05	2.28353445653446e-05	0.000118750742192139
catm_trx_delta2	2.10693863405351e-05	0.00019323107866537	8.48219587086705e-05
ctarjeta_visa_lag2	2.04654582425078e-05	0.000692107087301379	0.000118750742192139
mcajeros_propios_descuentos_rank_lag2	2.04106060572117e-05	3.74543613737557e-05	3.39287834834682e-05
Visa_madelantodolares_rank_delta3	1.96808572566453e-05	3.19974573830244e-05	0.000118750742192139
vm_msaldodolares_rank_lag3	1.95868742650421e-05	0.000111815063735764	6.78575669669364e-05
ctarjeta_master_descuentos_delta1	1.91612907888484e-05	6.27740018767837e-06	3.39287834834682e-05
ctarjeta_visa_delta1	1.89145506954848e-05	7.47500942404876e-05	3.39287834834682e-05
vmr_msaldodolares_delta3	1.86410524275439e-05	0.000251708850767135	8.48219587086705e-05
ccallcenter_transacciones_lag3	1.86160902570989e-05	0.000188130226909894	8.48219587086705e-05
vmr_msaldodolares_lag3	1.84778585978312e-05	0.000120374032098746	8.48219587086705e-05
Master_msaldodolares_rank_lag3	1.8461323370969e-05	7.10299583460044e-05	6.78575669669364e-05
mtarjeta_visa_descuentos_rank_lag2	1.84501317566799e-05	4.752971521408e-05	5.08931752252023e-05
vmr_mpagado_delta3	1.83459209932359e-05	0.000271057436940568	8.48219587086705e-05
Visa_madelantodolares_rank_lag1	1.83001877455541e-05	1.88909995701765e-05	6.78575669669364e-05
vm_mconsumosdolares_rank_delta1	1.82051258471709e-05	3.55262313025905e-05	5.08931752252023e-05
Master_madelantopesos_rank_delta1	1.8020312340776e-05	5.819154368749e-05	8.48219587086705e-05
ccheques_emitidos_lag3	1.79707351582653e-05	5.27449067914335e-05	3.39287834834682e-05
matm_other_rank	1.79661170405966e-05	0.000113036203940779	6.78575669669364e-05
ctarjeta_master_delta3	1.77995297957942e-05	0.000197213612706414	6.78575669669364e-05
ccajas_depositos_delta3	1.7412238621392e-05	0.000185152580024404	3.39287834834682e-05
Visa_status_lag2	1.72564182891455e-05	7.98063921091097e-05	6.78575669669364e-05
ccallcenter_transacciones_lag1	1.72459867426617e-05	0.000735905869122886	0.000118750742192139
mttarjeta_master_debitos_automaticos_rank_lag1	1.71853962598415e-05	0.000235507261712389	6.78575669669364e-05
ctarjeta_visa_debitos_automaticos	1.71047876207368e-05	0.000803887636929215	0.000135715133933873
cprestamos_hipotecarios_lag3	1.70790158905303e-05	0.000363723876590329	6.78575669669364e-05
Master_delinquency_delta3	1.70492506105961e-05	8.22977727209783e-06	5.08931752252023e-05
ccuenta_debitos_automaticos_lag3	1.7005193545591e-05	2.63533209868209e-05	3.39287834834682e-05
cextraccion_autoservicio_delta3	1.68993931433922e-05	0.000171829187214847	8.48219587086705e-05
ccajas_consultas_lag2	1.67956429946172e-05	0.000343926493355945	8.48219587086705e-05
mtarjeta_master_descuentos_rank_lag1	1.67670636232513e-05	0.000172974782819192	6.78575669669364e-05
ctarjeta_master_descuentos_delta2	1.67014487241754e-05	0.000152156524554889	5.08931752252023e-05
Master_msaldodolares_rank	1.66351169957542e-05	2.52745940987166e-05	6.78575669669364e-05
ccallcenter_transacciones_lag2	1.65993303805874e-05	7.03228927079371e-05	6.78575669669364e-05
ctarjeta_master_transacciones_lag2	1.65891613022761e-05	0.00022077625401151	6.78575669669364e-05
mtarjeta_master_descuentos_rank_lag3	1.63356717210395e-05	0.000214426756845358	6.78575669669364e-05
Visa_madelantodolares_rank_lag3	1.62518182320497e-05	2.31468807997028e-05	8.48219587086705e-05
mcheques_emitidos_rank_delta3	1.61309176017141e-05	4.21781341871715e-05	3.39287834834682e-05
ccaja_seguridad_delta3	1.60191763780472e-05	0.000807052213132511	0.000135715133933873
cseguro_accidentes_personales_lag2	1.56304778096388e-05	0.000183346063879092	5.08931752252023e-05
Master_cadelantosefectivo	1.54834420316268e-05	1.79914732644041e-05	8.48219587086705e-05
vm_status05_lag3	1.54524464879688e-05	1.58875523471459e-05	3.39287834834682e-05
ccajas_depositos_lag2	1.52716664866759e-05	0.000322855232662717	8.48219587086705e-05
cpagomiscuentas	1.507266084914e-05	0.000626025565500974	0.000101786350450405
mcajeros_propios_descuentos_rank_delta2	1.50372000411295e-05	3.96498526520067e-05	1.69643917417341e-05
mcajeros_propios_descuentos_rank_lag3	1.49302495316287e-05	0.00015979941044836	5.08931752252023e-05
vmr_mconsumosdolares_delta1	1.46613734907969e-05	4.85486959460875e-05	5.08931752252023e-05
mcheques_emitidos_rank_lag1	1.45860763034274e-05	0.000733877606464173	0.000118750742192139
vm_status03_lag3	1.44432554712453e-05	2.18281463663402e-05	6.78575669669364e-05
mv_status07_rank_lag2	1.41510269099115e-05	0.000405058593575837	8.48219587086705e-05
cliente_vip_delta2	1.41240527217055e-05	0.000130819342320988	5.08931752252023e-05
vmr_msaldodolares2	1.40325998053624e-05	0.000190360686927572	5.08931752252023e-05
Master_msaldodolares_rank_lag1	1.36681230827749e-05	2.18322380498269e-05	6.78575669669364e-05
ctarjeta_visa_descuentos	1.36488429283874e-05	0.000605285731170165	0.000101786350450405
Visa_madelantodolares_rank_delta1	1.35588642849598e-05	1.77360082481962e-05	0.000101786350450405
mcheques_emitidos_rank_delta2	1.33710795973108e-05	0.000350274323539935	8.48219587086705e-05
Visa_cadelantosefectivo_lag1	1.32617563326492e-05	1.09822300219893e-05	5.08931752252023e-05
cseguro_vivienda_delta3	1.32276573574577e-05	0.00061305064773503	0.000101786350450405
mcajeros_propios_descuentos_rank_delta1	1.3199773464214e-05	1.50115911073799e-05	3.39287834834682e-05
vm_status01_lag3	1.30458345409919e-05	1.44329209816852e-05	6.78575669669364e-05
Visa_cadelantosefectivo_delta2	1.29965851645228e-05	1.67558985093118e-05	8.48219587086705e-05
mcheques_emitidos_rechazados_rank_delta3	1.28821837593723e-05	3.13767717296752e-06	1.69643917417341e-05
mttarjeta_master_debitos_automaticos_rank_lag2	1.27479051137759e-05	4.84040852436012e-05	5.08931752252023e-05
Visa_cadelantosefectivo_delta3	1.24419992627165e-05	1.25210818725501e-05	6.78575669669364e-05
cseguro_vivienda_lag2	1.22562695297806e-05	2.24542497117134e-05	1.69643917417341e-05
Master_cadelantosefectivo_delta3	1.21384504437414e-05	1.00919100040618e-05	3.39287834834682e-05
cforex_buy_delta3	1.21353642539905e-05	0.000376613134204761	6.78575669669364e-05
mforex_sell_rank	1.21194240919674e-05	0.000474479952022217	8.48219587086705e-05
ccajas_extracciones_delta1	1.20072560225114e-05	0.000737351445744335	0.000118750742192139
vmr_Master_mlimitecompra_delta3	1.20025058667355e-05	0.000113556946436371	5.08931752252023e-05
Visa_madelantopesos_rank_delta3	1.18802695119279e-05	1.62364062503406e-05	8.48219587086705e-05
cforex_sell_lag3	1.16366398852811e-05	0.000135333833101253	3.39287834834682e-05
ctarjeta_debito_lag1	1.15899595009195e-05	0.000105863520674647	3.39287834834682e-05
cliente_edad_delta3	1.14562461713871e-05	3.55887052476782e-05	3.39287834834682e-05
ctransferencias_recibidas	1.13014904522149e-05	0.000518737760113392	8.48219587086705e-05
cliente_edad_delta2	1.11775141737363e-05	0.000529146624043836	0.000101786350450405
Master_madelantodolares_rank_delta3	1.11376255441824e-05	2.0733696805579e-05	5.08931752252023e-05
cprestamos_personales	1.11018487447714e-05	0.000520868390631188	8.48219587086705e-05
Master_madelantopesos_rank_delta2	1.10867441391872e-05	2.25568827725034e-05	5.08931752252023e-05
vmr_msaldodolares_lag2	1.09242817898683e-05	0.000303372871170846	6.78575669669364e-05
Visa_cadelantosefectivo_delta1	1.0282861212224e-05	2.67455921981239e-06	1.69643917417341e-05
mpagodeservicios_rank_delta3	1.02490744651683e-05	4.68649303053747e-06	1.69643917417341e-05
mcheques_depositados_rank_delta1	1.0190773387337e-05	0.000628241363652826	0.000101786350450405
Master_madelantodolares_rank_delta2	1.01812009051338e-05	1.33668858895812e-05	6.78575669669364e-05
Master_status_lag1	1.01572547366004e-05	0.000297222161627421	6.78575669669364e-05
cplazo_fijo_lag2	1.00047463453207e-05	0.000306947297670055	5.08931752252023e-05
Master_Finiciomora_lag2	9.66662132005211e-06	0.000181089765637914	3.39287834834682e-05
cpagomiscuentas_delta1	9.61568105402316e-06	0.000126792481708839	3.39287834834682e-05
mcheques_depositados_rank_delta2	9.54826514801799e-06	3.88550810206841e-05	5.08931752252023e-05
vmr_msaldodolares2_lag1	9.21016147397243e-06	1.93040701725367e-05	1.69643917417341e-05
vm_status06_lag3	9.05197374112145e-06	1.69070255966102e-05	6.78575669669364e-05
mcheques_emitidos_rechazados_rank_lag2	8.85893010318877e-06	1.99474874008117e-05	3.39287834834682e-05
ctarjeta_master_descuentos_lag3	8.83031624825761e-06	1.02174640695687e-05	1.69643917417341e-05
minversion1_pesos_rank_lag3	8.82592808058078e-06	0.000142666319339113	3.39287834834682e-05
ctarjeta_master_descuentos_lag2	8.80012579757806e-06	3.43996544492674e-05	1.69643917417341e-05
cforex_lag3	8.76470420792285e-06	1.50669803782824e-05	3.39287834834682e-05
cinversion2_lag3	8.57884493827824e-06	2.36405727211331e-05	1.69643917417341e-05
minversion2_rank_delta3	8.42052499423221e-06	4.18799338101031e-05	1.69643917417341e-05
ctarjeta_master_descuentos_delta3	8.40576102552407e-06	2.48776629145538e-05	3.39287834834682e-05
vm_mpagosdolares_rank_lag2	8.3354931678716e-06	2.92340555912103e-05	1.69643917417341e-05
vmr_mpagosdolares_lag3	8.32656246049542e-06	0.000135543569765902	3.39287834834682e-05
mcheques_depositados_rank_lag1	8.3122415966667e-06	0.000100127435057869	1.69643917417341e-05
Master_status_lag3	8.26139361437574e-06	1.5572454832716e-05	5.08931752252023e-05
mtarjeta_visa_descuentos_rank	8.05220567685065e-06	0.00019316845317645	5.08931752252023e-05
mcaja_ahorro_adicional_rank_lag3	8.02026192448491e-06	0.000280143361096288	5.08931752252023e-05
cliente_vip	8.01921294515141e-06	0.000130440823712515	5.08931752252023e-05
vm_mpagado_rank	7.8804516147487e-06	0.000110791839776437	3.39287834834682e-05
cextraccion_autoservicio_lag1	7.83485004783146e-06	7.7111904875279e-05	3.39287834834682e-05
mttarjeta_master_debitos_automaticos_rank_delta1	7.79912829035471e-06	0.000116913263474166	3.39287834834682e-05
vmr_msaldodolares_delta1	7.67668536916455e-06	0.000136010400542962	3.39287834834682e-05
ctransferencias_recibidas_lag1	7.67553472584864e-06	0.000274488351430078	5.08931752252023e-05
vm_msaldodolares_rank_delta1	7.49333196481586e-06	0.000140484163918152	3.39287834834682e-05
ctransferencias_emitidas_lag1	7.46332643895494e-06	0.000110985853768429	3.39287834834682e-05
vm_cconsumos_delta1	7.45286827044402e-06	2.08855058401252e-05	1.69643917417341e-05
cprestamos_hipotecarios_lag2	7.2908392884174e-06	0.000307647922695226	5.08931752252023e-05
vmr_mpagosdolares	7.08735766624975e-06	0.000106657420928931	3.39287834834682e-05
minversion1_pesos_rank_lag1	6.9656556056977e-06	0.000421343683282477	6.78575669669364e-05
mcheques_emitidos_rank	6.86472015559936e-06	0.000105335920820619	1.69643917417341e-05
vm_msaldodolares_rank_delta2	6.83515255314951e-06	0.000137301857086413	3.39287834834682e-05
minversion1_pesos_rank_delta3	6.82137377811278e-06	3.56207567683236e-06	1.69643917417341e-05
vm_status04_lag1	6.79345423994026e-06	1.00094701589976e-05	5.08931752252023e-05
Visa_status_lag1	6.68738529474391e-06	8.18132113154765e-06	3.39287834834682e-05
Visa_madelantopesos_rank_delta2	6.62280936940744e-06	9.5571875898904e-06	3.39287834834682e-05
catm_trx_other_lag2	6.61524567631854e-06	8.50816329302256e-06	1.69643917417341e-05
Master_Finiciomora	6.49267893590199e-06	0.000113737548799156	3.39287834834682e-05
ccajas_otras_delta2	6.36304520867267e-06	0.000194515488420595	3.39287834834682e-05
mv_status07_rank_lag3	6.26497162648001e-06	9.48612110948068e-05	3.39287834834682e-05
ccajas_consultas_lag1	6.22066381860789e-06	0.000421343683282477	6.78575669669364e-05
vm_mpagosdolares_rank_delta3	6.09647903069618e-06	0.000270191780681435	5.08931752252023e-05
catm_trx_other_delta2	6.04949365438737e-06	2.99399846505313e-05	1.69643917417341e-05
Master_cadelantosefectivo_delta1	5.92541700729351e-06	7.34510226194358e-06	3.39287834834682e-05
ccajas_depositos_delta1	5.82657866717337e-06	0.000105335920820619	1.69643917417341e-05
mforex_sell_rank_delta2	5.79180297434844e-06	0.000251964846186757	5.08931752252023e-05
ctarjeta_master_descuentos	5.67865525003204e-06	2.73530177660997e-05	1.69643917417341e-05
ccuenta_debitos_automaticos_delta1	5.67319005162411e-06	0.000105335920820619	1.69643917417341e-05
mcaja_ahorro_adicional_rank_lag1	5.43378584541338e-06	3.99238439017791e-06	1.69643917417341e-05
ccajas_otras_lag2	5.40082741860804e-06	5.23994626244776e-05	1.69643917417341e-05
mforex_sell_rank_lag2	5.2915839306919e-06	0.000149844571841101	3.39287834834682e-05
ctarjeta_visa_descuentos_lag2	5.26119292145302e-06	2.68044669771817e-05	1.69643917417341e-05
ctarjeta_master_delta1	5.15351307561439e-06	4.05247151989847e-05	1.69643917417341e-05
mtarjeta_master_descuentos_rank	5.13626968496604e-06	5.16908436621238e-05	3.39287834834682e-05
ctransferencias_emitidas	5.04484848278265e-06	0.000309216666566814	5.08931752252023e-05
Master_mpagado_rank_delta3	4.98123139709755e-06	9.27308078927601e-06	1.69643917417341e-05
ccuenta_debitos_automaticos_lag2	4.98076256354771e-06	2.77518053622148e-05	1.69643917417341e-05
vm_status04_lag2	4.76301093187646e-06	1.10873635560212e-05	6.78575669669364e-05
vm_mpagosdolares_rank_delta1	4.75116848496175e-06	8.49956318050896e-05	1.69643917417341e-05
mplazo_fijo_pesos_rank_delta3	4.74246397547967e-06	3.62375401679772e-06	1.69643917417341e-05
ctarjeta_master_debitos_automaticos_lag3	4.70470286352965e-06	0.000196458583445253	3.39287834834682e-05
vm_status02_lag1	4.70372687143133e-06	7.34729964751974e-06	3.39287834834682e-05
ccajeros_propios_descuentos_lag2	4.64218398112735e-06	2.76590226505593e-05	1.69643917417341e-05
catm_trx_other_delta1	4.63572108205543e-06	0.000105335920820619	1.69643917417341e-05
ccheques_emitidos_rechazados_delta3	4.5970115827264e-06	3.50544374650053e-05	1.69643917417341e-05
ccomisiones_mantenimiento_lag2	4.56473067757539e-06	1.06063255446329e-05	1.69643917417341e-05
vmr_mpagosdolares_delta1	4.55106607351365e-06	0.000186256614732592	3.39287834834682e-05
minversion1_dolares_rank_lag2	4.51734204009205e-06	0.00030452206594122	5.08931752252023e-05
vmr_mpagado_delta1	4.42684036986911e-06	9.75730122115393e-06	1.69643917417341e-05
vmr_msaldodolares_delta2	4.18392634420222e-06	2.96366696691046e-06	1.69643917417341e-05
ctarjeta_master_debitos_automaticos_delta3	4.13822150526067e-06	6.20474249702384e-05	1.69643917417341e-05
vm_status02_lag2	4.055423963786e-06	0.000103492200664345	3.39287834834682e-05
cplazo_fijo_delta2	3.91612876347211e-06	9.1591387699604e-05	1.69643917417341e-05
mtarjeta_visa_descuentos_rank_lag1	3.91031301192973e-06	5.15538101512794e-05	1.69643917417341e-05
active_quarter_delta2	3.87373506147629e-06	3.51809007935092e-06	1.69643917417341e-05
minversion1_pesos_rank_delta2	3.84868284068478e-06	0.000316007762461858	5.08931752252023e-05
mforex_sell_rank_lag1	3.76207584794636e-06	0.000150174066019651	3.39287834834682e-05
mtarjeta_visa_descuentos_rank_lag3	3.55071088969413e-06	3.0580636203857e-05	1.69643917417341e-05
Master_msaldodolares_rank_lag2	3.50124555543115e-06	5.22784548739559e-06	3.39287834834682e-05
mcheques_depositados_rank_lag2	3.30843936610239e-06	6.28640946854063e-05	1.69643917417341e-05
ccheques_emitidos_delta2	3.30407442569746e-06	6.65499059017515e-05	1.69643917417341e-05
Master_msaldodolares_rank_delta2	3.25626233718016e-06	2.7125588358967e-06	1.69643917417341e-05
cseguro_vivienda	2.99865259525025e-06	0.000105335920820619	1.69643917417341e-05
ctransferencias_recibidas_delta1	2.9645591588697e-06	0.000210671841641239	3.39287834834682e-05
mprestamos_hipotecarios_rank_delta3	2.94913598231776e-06	8.41780149409665e-05	1.69643917417341e-05
Master_cadelantosefectivo_delta2	2.92590013418923e-06	5.84951617565824e-06	1.69643917417341e-05
minversion1_pesos_rank_lag2	2.88569783596199e-06	3.64193927673837e-06	1.69643917417341e-05
catm_trx_lag1	2.88133361024235e-06	9.91526293531338e-05	1.69643917417341e-05
ccallcenter_transacciones	2.87213391319039e-06	0.000210671841641239	3.39287834834682e-05
catm_trx_other_lag1	2.74334092386837e-06	0.000105335920820619	1.69643917417341e-05
Visa_Finiciomora_lag2	2.70983469078871e-06	5.56209056510468e-05	1.69643917417341e-05
vm_status06_lag2	2.57415137592389e-06	8.75457356521832e-06	5.08931752252023e-05
vm_status06_lag1	2.30574019320501e-06	2.61735142291577e-06	1.69643917417341e-05
mprestamos_prendarios_rank_delta3	2.25700222989531e-06	0.000103030598149518	1.69643917417341e-05
Visa_Finiciomora_lag3	2.19364502164856e-06	8.91676714090979e-05	1.69643917417341e-05
cforex_sell_delta3	2.18224114582846e-06	0.000101442456667327	1.69643917417341e-05
vm_mpagosdolares_rank	2.10279690773159e-06	7.50520074414605e-05	1.69643917417341e-05
ctarjeta_debito	2.01245103890175e-06	0.000101408018331314	1.69643917417341e-05
Master_delinquency_delta1	2.0054346160732e-06	3.48971349665187e-06	1.69643917417341e-05
mcaja_ahorro_adicional_rank_delta3	1.94773164049343e-06	6.57214915395386e-05	1.69643917417341e-05
vm_status05_lag1	1.94760995973943e-06	6.35400559517834e-06	3.39287834834682e-05
ctarjeta_master_debitos_automaticos_delta2	1.78015348453736e-06	0.000104092806759843	1.69643917417341e-05
vmr_mpagosdolares_lag2	1.68811077415919e-06	9.04060497250977e-05	1.69643917417341e-05
vm_msaldodolares_rank	1.65849796786479e-06	9.99561905267611e-05	1.69643917417341e-05
vm_status03_lag1	1.53440001421573e-06	2.74226142713309e-06	1.69643917417341e-05
cinversion1_lag2	1.44918540709236e-06	0.000104093753908798	1.69643917417341e-05
Master_Finiciomora_lag1	1.37582180077325e-06	0.000105335920820619	1.69643917417341e-05
vm_status05_lag2	1.30918311502028e-06	3.22663340284385e-06	1.69643917417341e-05
cforex_delta2	1.28552729994857e-06	0.000102382824036049	1.69643917417341e-05
vm_mpagosdolares_rank_lag1	1.25924224703288e-06	0.000105335920820619	1.69643917417341e-05
mcajeros_propios_descuentos_rank_lag1	7.88961995498359e-07	2.59261189220485e-06	1.69643917417341e-05
Master_madelantodolares_rank_delta1	2.7987922387761e-07	2.78321614795775e-06	1.69643917417341e-05
vm_status04_lag3	1.66178277312438e-07	3.01204733554422e-06	1.69643917417341e-05
