fecha	cp	minsplit	minbucket	maxdepth	prob_corte	xval_folds	ganancia	iteracion
20230513 152505	-0.332671850102488	10025.2650857718	695.278060548752	12	0.062076333985664	5	49269000	1
20230513 152517	-0.258196665910073	12688.4775285157	3312.30458566544	20	0.0331145343666431	5	37773000	2
20230513 152527	-0.739043609664077	5854.21263300877	1086.3397228708	6	0.0725547094012145	5	47898000	3
20230513 152541	-0.19767059888225	11350.8511552227	1831.84773037691	15	0.0901285305286292	5	36489000	4
20230513 152552	-0.527477474522311	13366.4241856406	4012.37028620013	11	0.0583422851018841	5	39300000	5
20230513 152604	-0.878372226784704	7563.71009174322	2192.04783574488	9	0.0544447308247909	5	49500000	6
20230513 152612	0.0106802034529392	9224.64844627109	3809.38366578909	3	0.0451067849255633	5	0	7
20230513 152628	-0.398366495765513	6070.29844219987	475.861580217641	18	0.0975186517694965	5	36957000	8
20230513 152636	0.0473896684020294	19432.631225467	1628.73515736866	16	0.032119079143391	5	0	9
20230513 152645	-0.6708003045246	17323.5195929955	2590.86139768393	5	0.017994880155311	5	22860000	10
20230513 152658	-0.9503105707129	8574.3116237186	3002.47950567382	17	0.0815594892181689	5	42750000	11
20230513 152708	-0.0266996750212274	14406.5733226702	1329.83103279102	7	0.0751494688300882	5	36489000	12
20230513 152719	-0.926494859551312	18451.4582747201	4669.09976600349	7	0.0843016290167579	5	37788000	13
20230513 152730	-0.114193412549794	16239.1360613436	4376.28986304675	10	0.0212404417952057	5	27708000	14
20230513 152745	-0.65214823710965	15269.8341671308	134.477710323408	16	0.0267123395014787	5	33690000	15
20230513 152756	-0.836483497829177	17102.2966336866	3796.00487435795	20	0.019300223372411	5	22860000	16
20230513 152805	0.092456929134205	11993.6297938418	251.28803693261	7	0.0525478467890061	5	0	17
20230513 152816	-0.387883217697963	14820.1192921338	4474.74165278054	16	0.0382542547052726	5	41160000	18
20230513 152826	-0.697220515352674	4418.49913940402	1564.95344377551	6	0.0836799236480147	5	48228000	19
20230513 152840	-0.52314817821607	13671.5975734468	371.825247331057	12	0.0553471718495712	5	39300000	20
20230513 152856	-0.660358555608905	8023.59031624083	2094.83675363245	14	0.059785788128272	5	49689000	21
20230513 152910	-0.452867082550961	9048.09729056341	1585.5207407492	11	0.0667422477698233	5	48756000	22
20230513 152926	-0.784528488664475	4558.18584877744	2278.26861730712	15	0.057577665305228	5	50691000	23
20230513 152941	-0.63492545574407	4463.09841785529	2081.32815648062	9	0.0544501636031449	5	50673000	24
20230513 152952	-0.299048040108103	14767.9238978919	1348.1757209728	6	0.0774080580084127	5	36489000	25
20230513 153009	-0.415263684293197	8338.47996839965	464.780083007703	20	0.0548357073397423	5	49707000	26
20230513 153026	-0.707114302318584	6015.47012667299	646.4033406139	15	0.0477019522577906	5	49479000	27
20230513 153041	-0.439528141843867	9929.10691749097	936.807106914866	15	0.0427690107884279	5	49194000	28
20230513 153053	-0.757917487898379	4127.39129798615	2055.1582017498	5	0.043336487549541	5	50862000	29
20230513 153108	-0.712330459087416	5344.53829903446	2668.46594693379	10	0.0493873722220058	5	50253000	30
20230513 153123	-0.886644607233075	4226.44605461569	1318.31339166046	8	0.0528855293198973	5	50472000	31
20230513 153138	-0.712204098395083	3002.96217269296	1203.07544887494	10	0.0561287728070542	5	51807000	32
20230513 153148	-0.810489458352668	3415.44431924353	1705.96141153454	3	0.0604141676908718	5	50313000	33
20230513 153205	-0.822601694916306	2740.38039176806	1359.76906171552	12	0.0357835816630947	5	48561000	34
20230513 153220	-0.763118371181775	3917.77658054719	107.554593401513	10	0.0546183266091494	5	50475000	35
20230513 153236	-0.705818315701582	3807.02282512345	1694.56844156647	11	0.0546352438969262	5	50424000	36
20230513 153247	-0.641998984864875	1301.42727756427	644.156355580362	5	0.0604805302316038	5	49116000	37
20230513 153305	-0.780709700353596	2071.62575996291	1026.15147225924	13	0.0770260186294161	5	49773000	38
20230513 153318	-0.573188246013367	7536.29339233869	389.838168129473	8	0.0462743657090518	5	49269000	39
20230513 153332	-0.769112284801605	2425.43575357577	1163.28940263515	7	0.0530909552821441	5	52263000	40
20230513 153347	-0.490870074787791	2727.14845324038	984.831183384457	8	0.0476752258229599	5	51798000	41
20230513 153401	-0.590003136396373	2637.06723469624	1111.06881137648	8	0.0443329198652914	5	51909000	42
20230513 153416	-0.549652366199928	2767.2244407433	730.252439944333	9	0.0614313569008419	5	49104000	43
20230513 153430	-0.431406643470779	4651.60308538492	986.95798780304	8	0.0292299732645954	5	48498000	44
20230513 153440	-0.657190733019599	2742.79809329048	675.156458218448	4	0.045578700672134	5	49887000	45
20230513 153459	-0.472632150078839	1688.08888946304	840.964190091853	18	0.0382552716724867	5	51210000	46
20230513 153519	-0.381936559866313	2363.29174288312	1179.77070737203	13	0.0442897637265973	5	51405000	47
20230513 153536	-0.477360633091015	2857.07788445123	1423.45585493656	14	0.0412403023635412	5	51462000	48
20230513 153554	-0.425215031085316	393.39171232329	187.425289401799	10	0.0286118123083544	5	48480000	49
20230513 153613	-0.783348904558704	9601.84494877737	26.2662627471166	17	0.05583720051769	5	49251000	50
20230513 153628	-0.4459592312845	1893.80650522006	939.899740023517	9	0.0426685768580477	5	51453000	51
20230513 153650	-0.741777707344142	537.202864225015	268.352370474408	20	0.051241614115106	5	55626000	52
20230513 153717	-0.824626034950957	17.7185195908679	8.64297476669313	20	0.0561821469839398	5	33114000	53
20230513 153732	-0.713238955356504	5383.50016971019	2688.83886024303	17	0.0924185692881803	5	41637000	54
20230513 153747	-0.431362854251139	5443.86160593249	2426.80199986343	20	0.0547465006733077	5	49596000	55
20230513 153807	-0.716122224359608	1117.07029325768	537.665399046929	20	0.0392788124397046	5	51444000	56
20230513 153817	-0.967528006094869	3617.10341487684	1766.65282768875	3	0.0432966199302023	5	50313000	57
20230513 153836	-0.727972649591349	2703.3303278182	275.372654171151	20	0.0632874908186742	5	47094000	58
20230513 153851	-0.776061544062809	7996.75800296507	947.863173723623	12	0.0100129536841059	5	6675000	59
20230513 153912	-0.605474663844398	775.765982330254	367.592748259839	17	0.049883708211373	5	52413000	60
20230513 153930	-0.555691112101937	9962.61945342795	175.995550229443	18	0.0596698530531244	5	49269000	61
20230513 153946	-0.508660447438009	5351.24247931512	234.23203865713	11	0.048628066416596	5	49812000	62
20230513 153957	-0.536788529339117	6510.97535580417	2381.12172759181	4	0.0553966006893535	5	48606000	63
20230513 154006	-0.957789005518203	4567.55901750923	2275.3423764461	3	0.078012367641516	5	44040000	64
20230513 154016	-0.807917404076393	9923.93809256744	2108.55474106375	3	0.06488770760443	5	48756000	65
20230513 154026	-0.891326911168445	3959.55482765806	1973.29485010072	4	0.0409836601887668	5	49521000	66
20230513 154045	-0.719257275934073	838.619980004265	369.313133193721	14	0.0505695043509241	5	52221000	67
20230513 154104	-0.737720518505419	1469.46452334627	734.670422098195	20	0.0503530753749915	5	51906000	68
20230513 154114	-0.726840941036927	2180.13206236221	1084.94814486989	3	0.095017844220404	5	36630000	69
20230513 154130	-0.363321509278513	6425.85748965044	1065.66045484824	12	0.0465643090190054	5	48795000	70
20230513 154144	-0.404524850913614	10491.7427513464	2597.71259225635	20	0.0580015190478126	5	49269000	71
20230513 154157	-0.802868933103106	9668.61658541249	4263.8396908689	20	0.0583703393987601	5	49341000	72
20230513 154212	-0.925695318849007	10546.5150595395	2569.93942119055	15	0.0560379227805062	5	49269000	73
20230513 154226	-0.694633184796679	10658.6115114007	2385.95902070213	14	0.0534768488899357	5	49269000	74
20230513 154242	-0.803490886364659	10903.0267625277	1742.95963977798	20	0.0710321165528243	5	48756000	75
20230513 154301	-0.389747183920779	403.916400540191	184.931222602638	12	0.057302219470223	5	54210000	76
20230513 154317	0.00480133198711837	574.560929426285	286.804132360273	20	0.0492727055249213	5	0	77
20230513 154338	-0.737211143302933	4824.31553458512	91.2680857750139	19	0.045686881581559	5	50271000	78
20230513 154347	-0.382020303753518	3036.49229754746	1313.12999277601	3	0.0611775543237293	5	50313000	79
20230513 154415	-0.689093055985389	23.2949770505284	9.15636417300675	20	0.048789164985914	5	33141000	80
20230513 154432	-0.754994322170662	16699.4302153603	383.323016215516	17	0.0521556527226951	5	37002000	81
20230513 154451	-0.787656404861795	7030.94771566331	253.32546120746	19	0.0459690612964759	5	48432000	82
20230513 154508	-0.593946153306917	4706.23750754691	1477.04372808006	18	0.0728037786259436	5	49302000	83
20230513 154530	-0.558677374260557	1346.42499286652	555.451546610086	20	0.0433424950852751	5	53211000	84
20230513 154547	-0.934396308953649	4076.94788905618	1619.74825094978	16	0.0461621169527109	5	51699000	85
20230513 154612	-0.469920204849115	201.433281269939	3.42149521867893	17	0.0606039065869244	5	48975000	86
20230513 154624	-0.765490719159968	7956.67355054619	3639.33549864366	6	0.0699074923371682	5	48756000	87
20230513 154633	-0.679291433855343	6396.50287711004	2472.73619310948	3	0.0710973283866312	5	49224000	88
20230513 154649	-0.937838191318176	15116.9597306769	1577.69008053966	6	0.0530969807910251	5	39300000	89
20230513 154705	-0.988174120435541	4789.76613616014	2391.17073471313	15	0.0437014259773026	5	50502000	90
20230513 154723	-0.398289484747205	2048.50677236281	1020.72728692446	16	0.0612772087583468	5	52335000	91
20230513 154736	-0.408220020358566	4372.8744191175	2026.92393525907	7	0.0505884332103844	5	50106000	92
20230513 154751	-0.831090188517773	6538.71832579223	3245.43803629665	15	0.0722838436994533	5	48852000	93
20230513 154809	-0.74751478287948	824.617288012846	384.881845886953	11	0.0391284339521744	5	52596000	94
20230513 154828	-0.404643330657855	2957.86114470162	50.103628327201	14	0.0525900681870275	5	52032000	95
20230513 154842	-0.339557064908011	39.355896824047	3.88073876480567	7	0.0597006095909049	5	52317000	96
20230513 154856	-0.703946915080113	8690.21125119558	4329.06386803696	17	0.063466362918931	5	49341000	97
20230513 154909	-0.779868026002726	12907.3935788398	4873.80473007374	15	0.0779892097121672	5	38796000	98
20230513 154924	-0.587173126497971	5685.84128620605	2800.78915527473	20	0.0588547879159516	5	47979000	99
20230513 154934	-0.388953479610296	783.512436078307	382.854611204865	3	0.0496778308961663	5	51261000	100
20230513 154955	-0.35344527991372	844.643604821771	202.174787814507	19	0.0527081238006193	5	55221000	101
20230513 155017	-0.310143904670805	527.848439997996	218.044146744293	19	0.0514333829894733	5	55101000	102
20230513 155039	-0.328644217938166	653.484964868889	242.264643801321	20	0.0571058420517468	5	53415000	103
20230513 155101	-0.317469508922125	337.433676431908	104.327225745025	15	0.038048602287401	5	47391000	104
20230513 155121	-0.270778408175042	1760.22646408721	179.294242364257	15	0.0549837017278398	5	51648000	105
20230513 155141	-0.301789229770223	14585.2222181133	7.34444803451901	17	0.0526392333728518	5	39120000	106
20230513 155200	-0.30712175128594	1121.6036139234	534.328037634386	15	0.0523341091919853	5	52860000	107
20230513 155215	-0.945826147191568	7142.53424158521	3564.77681965541	11	0.0504301638315127	5	48747000	108
20230513 155230	-0.664431039289335	7359.7162398964	3587.25672188392	13	0.0560523479402348	5	49140000	109
20230513 155241	-0.716185608242634	8421.09161122762	4205.51907753854	3	0.0494795093392852	5	49263000	110
20230513 155253	-0.464378855325817	6159.62573511692	2928.76697114516	5	0.0437829564931848	5	49566000	111
20230513 155307	-0.741932330699598	7528.39019820005	3758.3458825071	19	0.0525627423715552	5	50322000	112
20230513 155325	-0.363176268691012	1748.84105732062	354.608740288376	12	0.0660565532399339	5	49614000	113
20230513 155344	-0.607907128760528	1385.60918759217	636.421108685224	14	0.0353665038868981	5	50805000	114
20230513 155400	-0.402310097614603	5698.10279309004	2848.29681442369	19	0.0266855369318624	5	45405000	115
20230513 155410	-0.419656170741095	6364.23086336764	3181.59129740472	3	0.0639884268481464	5	50073000	116
20230513 155423	-0.485164325406181	5339.37827385095	2666.44074763068	6	0.0797200815296434	5	48888000	117
20230513 155437	-0.891524481221881	7865.03578511517	3877.79394334851	18	0.0620453620216552	5	49269000	118
20230513 155454	-0.884721756504017	3452.49641037583	1690.00507094406	13	0.0742377172815374	5	46422000	119
20230513 155503	-0.624270458451142	7062.87925741612	1352.22861132491	3	0.0575257791414846	5	49269000	120
