Feature	Gain	Cover	Frequency
ctrx_quarter_normalizado_lag1	0.165987707694669	0.00698370129820586	0.00323353961086023
mcuenta_corriente_rank	0.0898137153779703	0.0164908937090585	0.0091988626860679
ctrx_quarter_normalizado	0.0394917446116198	0.00570286359952355	0.0027875341472933
mpayroll_sobre_edad_rank_lag1	0.0353350281628631	0.00512931160486463	0.00144951775659252
Master_status	0.0270884840258123	0.0025256094329961	0.00217427663488878
mpayroll_rank	0.0250908481613253	0.00735822153036087	0.00167252048837598
mpasivos_margen_rank	0.0209291172846098	0.00890317309005653	0.00596532307520767
mprestamos_personales_rank	0.0204107456011515	0.010636120186704	0.00367954507442716
ctarjeta_visa	0.0201767303977981	0.00049391347527696	5.57506829458661e-05
cdescubierto_preacordado	0.0197074848055715	0.00720056000946247	0.00590957239226181
mpayroll_sobre_edad_rank	0.0195622000577705	0.00830014704497167	0.00267603278140157
foto_mes	0.018204548522974	0.0126217313107924	0.0102581256620394
mcuentas_saldo_rank	0.0139842159909394	0.00983671162806424	0.00485030941629035
ctrx_quarter	0.0131056080982179	0.0040012900293519	0.00273178346434744
mpayroll_rank_lag1	0.0110123944783009	0.00316773540272426	0.00128226570775492
mcuenta_corriente_rank_delta1	0.0107060861892892	0.00654014166155602	0.00340079165969783
mprestamos_personales_rank_lag1	0.0104984566877553	0.00662359762692215	0.00234152868372638
vm_status03_delta1	0.00961251968985916	0.00209397526950957	0.000334504097675197
mcaja_ahorro_rank	0.00957906222536499	0.00801926154248769	0.0031220382449685
mprestamos_personales_rank_delta1	0.00932161700091136	0.0137593720179605	0.0032892902938061
Master_fechaalta	0.00906775457081618	0.00555520438044914	0.00997937224731003
mpasivos_margen_rank_lag1	0.00781933592717133	0.00333359915402577	0.00563081897753247
ctrx_quarter_delta1	0.00726344805985713	0.00592586767447087	0.00373529575737303
mrentabilidad_annual_rank_delta1	0.00699770052543756	0.00714504271682275	0.0163349501031388
vm_msaldototal_rank	0.00654856949788254	0.00199773116832787	0.00178402185426771
mrentabilidad_annual_rank	0.00617887744765751	0.00771139519637668	0.00908736132017617
thomebanking	0.00610393565520092	0.00419737548488762	0.0106483804426604
mactivos_margen_rank	0.00602073552815898	0.00660094589341605	0.0065785805876122
mcuenta_corriente_rank_lag1	0.00576557521760795	0.00735906762557496	0.00512906283101968
tcallcenter	0.0057562624014899	0.0061028302608292	0.00462730668450689
ctrx_quarter_normalizado_delta1	0.00570104142540903	0.00595095636254397	0.00289903551318504
Visa_status	0.00530538868838946	0.00351634820712949	0.00117076434186319
vm_Finiciomora	0.00484427039196339	0.00514361758771841	0.00100351229302559
Visa_delinquency	0.00475227084266701	0.00201266266829463	0.00139376707364665
cdescubierto_preacordado_delta1	0.00455952958727366	0.0089534334960382	0.00133801639070079
Visa_msaldototal_rank	0.00433181627604419	0.00268473620894878	0.00446005463566929
mpasivos_margen_rank_delta1	0.00424751063554288	0.00375945301539506	0.00886435858839271
internet	0.00393148354565409	0.00172193360316161	0.000390254780621063
Visa_msaldopesos_rank	0.00387814300718085	0.00305394407279234	0.00440430395272342
mrentabilidad_annual_rank_lag1	0.00381995125080318	0.00589468525146784	0.00925461336901377
mrentabilidad_rank_delta1	0.00363550081836124	0.00422932270707097	0.0100908736132018
vm_status01	0.00361629453540198	0.00501181437018919	0.00183977253721358
mcuentas_saldo_rank_delta1	0.00352863046354786	0.00621213682377931	0.00791659697831299
mcomisiones_otras_rank_lag1	0.00351364481480526	0.00329520816162015	0.0067458326364498
Master_fechaalta_lag1	0.00350384053947127	0.00589078689473915	0.010815632491498
mcomisiones_mantenimiento_rank_delta1	0.00346667291932518	0.0030428910871574	0.00289903551318504
ccomisiones_mantenimiento_delta1	0.00318748317818824	0.00311692730806007	0.000334504097675197
mcaja_ahorro_rank_lag1	0.00314591804321982	0.00492120493178459	0.00228577800078051
Visa_mpagominimo_rank	0.0030394007729804	0.00444158491746048	0.00590957239226181
mactivos_margen_rank_delta1	0.00302502852843474	0.0061025794375212	0.0125439036628199
mcomisiones_mantenimiento_rank	0.00289190875386251	0.00702655663726254	0.00518481351396555
vm_mpagominimo_rank	0.00284196758852851	0.0027800076473946	0.00323353961086023
Visa_msaldopesos_rank_lag1	0.00274863329448274	0.00121018817037159	0.00384679712326476
ccaja_seguridad	0.00266516020258198	0.00589179750846709	0.000613257512404527
mrentabilidad_rank_lag1	0.00265545296396909	0.00325661335119619	0.00680158331939566
Visa_mpagospesos_rank_lag1	0.00253406572220257	0.00353260895504189	0.00880860790544684
mcomisiones_rank_delta1	0.00251025398886975	0.00559371153756654	0.0097006188325807
mcomisiones_rank_lag1	0.00250445346605162	0.00330208249259003	0.00708033673412499
vmr_mpagominimo_lag1	0.00248592467998063	0.00209510898315596	0.00406979985504823
cproductos_delta1	0.00246010165686808	0.0041866580861978	0.000446005463566929
Master_msaldopesos_rank_lag1	0.00240975525286594	0.00109633923969535	0.00273178346434744
thomebanking_lag1	0.00240471766726144	0.00355788084815794	0.0101466242961476
chomebanking_transacciones	0.0023360458240834	0.00594618282126209	0.00763784356358365
mcomisiones_otras_rank_delta1	0.00231140661478245	0.00546582170304713	0.0093661147349055
ctrx_quarter_lag1	0.00227456833373898	0.00707063507707383	0.0027875341472933
ctarjeta_visa_transacciones	0.00225079717380229	0.0041489078298309	0.00178402185426771
Master_msaldototal_rank	0.00223626393686632	0.00229210295076582	0.00301053687907677
Visa_fechaalta_lag1	0.00222107609760196	0.00332954167283286	0.00730333946590846
Visa_mpagominimo_rank_lag1	0.00219216463296025	0.0039862936081449	0.00585382170931594
vm_status02	0.00217286066211133	0.0031634041735124	0.00150526843953838
mrentabilidad_rank	0.00214076480224582	0.00531386593079423	0.00696883536823326
ccaja_ahorro	0.00213396705505284	0.00462458190420276	0.000613257512404527
Visa_mfinanciacion_limite_rank	0.0020952193657804	0.00460148612482496	0.00696883536823326
Master_msaldodolares_rank_lag1	0.0020828426523614	7.40183049520933e-05	0.000223002731783464
Master_Fvencimiento	0.00203475578679365	0.00361366225658512	0.00897585995428444
mcuenta_debitos_automaticos_rank	0.00203210072866392	0.00428350092688893	0.00234152868372638
mttarjeta_visa_debitos_automaticos_rank_delta1	0.0020184554790991	0.00467116144924278	0.00284328483023917
cdescubierto_preacordado_lag1	0.00201498781516912	0.00378566000554418	0.0031220382449685
vm_fechaalta	0.00199631719265301	0.00435279269584881	0.00735909014885432
mtarjeta_visa_consumo_rank	0.00195995163362904	0.0024055785361495	0.00150526843953838
mtransferencias_recibidas_rank	0.00194070104771509	0.00523845441987941	0.00351229302558956
chomebanking_transacciones_delta1	0.00193932229731366	0.00649370833379002	0.00696883536823326
cprestamos_personales	0.00192618790608317	0.00214367199730443	0.00027875341472933
mactivos_margen_rank_lag1	0.00192430843584753	0.00455749456774171	0.00551931761164074
cliente_edad	0.00189524919192656	0.00624972737774811	0.00551931761164074
Visa_fechaalta	0.00188997190763736	0.00599872548817303	0.0067458326364498
Master_mfinanciacion_limite_rank_lag1	0.00188504246523676	0.00296428957381767	0.00858560517366338
Master_Fvencimiento_lag1	0.00188159441869211	0.00299834009006921	0.00903161063723031
mautoservicio_rank	0.00187219988002194	0.00337721216441145	0.00250878073256397
Visa_mpagospesos_rank_delta1	0.00186997623591988	0.00343867119536818	0.00914311200312204
Visa_mconsumospesos_rank	0.00184069358943182	0.00350231809138558	0.00797234766125885
Visa_mpagospesos_rank	0.00180742648827161	0.00291094666111453	0.00719183810001672
cliente_vip_delta1	0.00174783576803718	0.00235478315603087	0.00150526843953838
mcomisiones_otras_rank	0.0017466641868447	0.0031511381046436	0.00752634219769192
Master_mlimitecompra_rank	0.00173486159340122	0.00285381365796466	0.00763784356358365
internet_lag1	0.00172337668852972	0.00295545161613621	0.000557506829458661
mcuentas_saldo_rank_lag1	0.0017224123714179	0.00479669292820414	0.00301053687907677
Master_mlimitecompra_rank_delta1	0.00172230509204527	0.00426344199745534	0.0101466242961476
cliente_edad_lag1	0.00171859586992022	0.00440299588637542	0.00440430395272342
Master_mfinanciacion_limite_rank_delta1	0.00171438133959131	0.00405040824532347	0.0103696270279311
Visa_Fvencimiento_lag1	0.00170005790368472	0.00321890817367267	0.00613257512404527
Visa_mconsumototal_rank	0.0016696470973413	0.00317558316700854	0.006244076489937
mtransferencias_emitidas_rank	0.00163905851461189	0.00752796032839086	0.00473880805039862
mv_status07_rank_delta1	0.00161999762631102	0.000795647942821348	0.000223002731783464
Visa_mlimitecompra_rank_delta1	0.00160408896324213	0.00298292004332127	0.00819535039304232
vm_Fvencimiento_lag1	0.00159829797196526	0.00331735208388209	0.00629982717288287
mcaja_ahorro_rank_delta1	0.00157879257201358	0.00536607744158654	0.00507331214807381
Visa_cconsumos	0.00157723326559119	0.00185496878309842	0.00412555053799409
chomebanking_transacciones_lag1	0.00156512041891846	0.00384930536040454	0.00680158331939566
mplazo_fijo_dolares_rank	0.0015645130589537	0.00748157631765009	0.00100351229302559
mcomisiones_rank	0.00155874351735175	0.00269552507879625	0.0067458326364498
mpayroll_sobre_edad_rank_delta1	0.00155809296915514	0.00431956496481116	0.00150526843953838
Master_mpagominimo_rank_lag1	0.00153337803800065	0.00217340534740209	0.00273178346434744
Visa_cconsumos_lag1	0.00152158259753146	0.003096458045565	0.00579807102637007
Master_mlimitecompra_rank_lag1	0.00151068476281454	0.00315677161155292	0.00719183810001672
Visa_Fvencimiento	0.00150677345731122	0.00308163481188019	0.00585382170931594
vm_Finiciomora_lag1	0.00150356551910625	0.00375668240032924	0.000947761610079723
Visa_mconsumototal_rank_lag1	0.00147092264271546	0.00248024123738828	0.00669008195350393
Visa_mconsumospesos_rank_lag1	0.00147046124415369	0.00196739214351412	0.00702458605117913
vmr_msaldopesos	0.00146305146967131	0.00125761361798107	0.00189552322015945
Master_mfinanciacion_limite_rank	0.0014575699296836	0.00393170813757954	0.00758209288063779
numero_de_cliente	0.00145356756995007	0.0052348642945584	0.00568656966047834
vmr_msaldototal	0.00143025687435564	0.00148355128535103	0.00262028209845571
vm_status06	0.00141733021717046	0.000751025089286235	0.000501756146512795
Visa_mconsumototal_rank_delta1	0.00139239345866399	0.0030899520511273	0.00724758878296259
Visa_mconsumospesos_rank_delta1	0.00136734400305696	0.0021545215502103	0.00763784356358365
mcaja_ahorro_dolares_rank	0.00134884728638138	0.00835223622642405	0.0036237943914813
Visa_mconsumosdolares_rank	0.00132067915985175	0.00300676771468919	0.00585382170931594
mcaja_ahorro_dolares_rank_delta1	0.00131178577364439	0.00283581525549144	0.00167252048837598
ccajas_transacciones	0.00131026239869876	0.00358625932857419	0.00234152868372638
ccajas_transacciones_delta1	0.00129788413541919	0.0022955035137711	0.00105926297597146
Visa_mlimitecompra_rank	0.00127771478329131	0.00250650852530652	0.00551931761164074
mcomisiones_mantenimiento_rank_lag1	0.00127336989699738	0.00570889857784138	0.00373529575737303
Visa_Finiciomora	0.00126506916350346	0.00344740493230492	0.000724758878296259
Visa_delinquency_lag1	0.00125662734245012	0.00171404673201749	0.00167252048837598
cliente_antiguedad	0.00120105628100664	0.00443210275613696	0.00406979985504823
Visa_mfinanciacion_limite_rank_lag1	0.00116759647193719	0.00292923094821838	0.00551931761164074
Visa_mlimitecompra_rank_lag1	0.00116635961337883	0.00222138445567762	0.00457155600156102
mtransferencias_recibidas_rank_lag1	0.00114752888718598	0.00371716308832686	0.00406979985504823
vm_msaldopesos_rank	0.00114188947670328	0.00188486973402401	0.00167252048837598
mpagomiscuentas_rank	0.00113494576484033	0.00432907197729193	0.00217427663488878
vm_status04	0.00112350014859494	0.000864575228141642	0.00105926297597146
Visa_mfinanciacion_limite_rank_delta1	0.001116524269691	0.00260437218989098	0.00696883536823326
vmr_mpagominimo	0.00111034678384818	0.00149095789343305	0.00228577800078051
cliente_antiguedad_lag1	0.00110873983231117	0.00251670289382643	0.00340079165969783
vm_Fvencimiento	0.00110791096985903	0.00346586086577392	0.00512906283101968
vm_fechaalta_lag1	0.00110454526464448	0.00301816148867425	0.00457155600156102
Visa_mconsumosdolares_rank_lag1	0.0011031794849834	0.00219865662754275	0.00501756146512795
vm_mpagominimo_rank_lag1	0.00108585200614389	0.00270582309012699	0.0031220382449685
mtransferencias_emitidas_rank_lag1	0.00108583413628219	0.00329160166150561	0.00406979985504823
Master_msaldototal_rank_lag1	0.00107239611016704	0.00103459836964522	0.00206277526899705
vmr_Master_mlimitecompra	0.00103632197454867	0.0019002300609367	0.00434855326977756
mtarjeta_visa_consumo_rank_delta1	0.0010325886305435	0.00308452274752557	0.00289903551318504
ccaja_seguridad_lag1	0.000962069999905247	0.00107123591063038	0.000111501365891732
Visa_msaldototal_rank_lag1	0.000956315459082533	0.00255207475959378	0.00395829848915649
vmr_Visa_mlimitecompra_lag1	0.000948094773338761	0.00176475079858158	0.00384679712326476
cliente_vip_lag1	0.000931571344630636	0.00276873331308003	0.000613257512404527
vmr_Master_mlimitecompra_lag1	0.00091453348676874	0.00246867697290585	0.00390254780621063
vm_mpagospesos_rank_delta1	0.000913865692161843	0.00269599840665168	0.00334504097675197
ccaja_ahorro_delta1	0.000889923804781346	0.00621770213448969	0.000724758878296259
Master_delinquency	0.000877924478510895	0.0013130029945866	0.00111501365891732
Visa_mpagominimo_rank_delta1	0.000859912936221482	0.00161646163156773	0.00412555053799409
vmr_Visa_mlimitecompra	0.000856795506621048	0.00161198746004056	0.00351229302558956
Visa_msaldototal_rank_delta1	0.000846318236677172	0.00181642906903859	0.00379104644031889
mpayroll_rank_delta1	0.000839340500651009	0.00452357678364011	0.00161676980543012
cprestamos_personales_delta1	0.000826356027857207	0.00315921318959104	0.000334504097675197
vmr_mpagominimo_delta1	0.000824110082676939	0.00263878545598043	0.00267603278140157
Master_fultimo_cierre	0.000814599860281146	0.00181809274806157	0.00334504097675197
vm_mpagospesos_rank	0.000799711458150718	0.000829608301386135	0.00133801639070079
mcaja_ahorro_dolares_rank_lag1	0.000780758290451184	0.00275490239188333	0.00301053687907677
Master_msaldopesos_rank	0.000749871649244051	0.00168022122469356	0.00234152868372638
vm_mfinanciacion_limite_rank_delta1	0.000749018797232775	0.00279629998902629	0.00418130122093996
Master_status_lag1	0.000744526221575435	0.000335160815195362	0.000390254780621063
Visa_cconsumos_delta1	0.000742360611148024	0.00131844828769261	0.00234152868372638
tcallcenter_delta1	0.000734149239137133	0.00214443698912938	0.00122651502480905
ccajas_transacciones_lag1	0.00072720197272948	0.00284955370726583	0.00223002731783464
ccomisiones_otras_delta1	0.000722452071145962	0.00131634075544257	0.00117076434186319
Visa_mpagosdolares_rank	0.000713187273603577	0.000802964971150518	0.00200702458605118
vm_status02_delta1	0.000709654028575069	0.00119067153557089	0.000501756146512795
ccajas_consultas	0.000692320890041655	0.00214247182126076	0.000223002731783464
mttarjeta_visa_debitos_automaticos_rank	0.000683284343100222	0.00215897626462986	0.0029547861961309
Master_delinquency_lag1	0.00067955756560375	0.000690366689410966	0.000613257512404527
mtransferencias_emitidas_rank_delta1	0.000664678463779542	0.00280340356710564	0.00178402185426771
vm_mlimitecompra_rank_delta1	0.000663648774591249	0.00188892355496895	0.00384679712326476
vm_Finiciomora_delta1	0.000652525117263037	0.0020148195175699	0.000446005463566929
Visa_mconsumosdolares_rank_delta1	0.000649697089650431	0.00136323854941102	0.00323353961086023
Visa_msaldopesos_rank_delta1	0.000643060160436788	0.0016865865885515	0.0036237943914813
mcuenta_debitos_automaticos_rank_lag1	0.000641324098041919	0.00277352188064303	0.00234152868372638
vmr_msaldopesos2	0.00063879430450949	0.00200334618135273	0.00239727936667224
vmr_msaldopesos_lag1	0.000636520813416002	0.00124131048825012	0.00167252048837598
Visa_msaldodolares_rank_lag1	0.000633773950741049	0.000208282557627048	0.000557506829458661
Master_fultimo_cierre_lag1	0.000633711119772827	0.00162417897543763	0.0027875341472933
vmr_mconsumospesos	0.000628162367339223	0.00150958104244072	0.00228577800078051
vm_status01_lag1	0.000625905741738315	0.00147794012521876	0.000557506829458661
vm_fultimo_cierre_lag1	0.000624537732756288	0.00161573208635466	0.00284328483023917
Visa_cadelantosefectivo	0.000622755573588181	0.00034402323874481	0.000557506829458661
vm_mfinanciacion_limite_rank	0.000615711272723742	0.00106229719980753	0.00256453141550984
vmr_msaldopesos2_lag1	0.000608014364556585	0.00192212508633694	0.00267603278140157
tcallcenter_lag1	0.000597409986075506	0.00244670277056276	0.00183977253721358
Master_mpagospesos_rank	0.000594938827526252	0.00173524939261821	0.00223002731783464
vmr_msaldopesos2_delta1	0.000586038598600102	0.0025556475468981	0.00250878073256397
vm_status03	0.000585610747825018	0.000468525417449137	0.000947761610079723
Master_mconsumospesos_rank	0.000569699770073462	0.0016059484361855	0.00234152868372638
mttarjeta_visa_debitos_automaticos_rank_lag1	0.000563312222819681	0.00118879633274439	0.00234152868372638
vm_mpagominimo_rank_delta1	0.000557686077612527	0.00194817430053425	0.00234152868372638
vmr_msaldototal_lag1	0.000556132892986597	0.00151166738378149	0.00239727936667224
vm_mlimitecompra_rank	0.000553563099925971	0.00115223218936319	0.00267603278140157
mtransferencias_recibidas_rank_delta1	0.000548424342542776	0.00205487881246961	0.00234152868372638
ccomisiones_otras	0.000548292315590962	0.00179658628687965	0.00122651502480905
Master_mconsumototal_rank	0.000546802714126963	0.00124916749947663	0.00211852595194291
Master_mpagospesos_rank_lag1	0.000542011356261294	0.00167434036207957	0.00273178346434744
cpayroll_trx_lag1	0.00053484540576755	0.000463919284350552	5.57506829458661e-05
vm_status05	0.000531202982566706	0.000713717337633994	0.000613257512404527
Visa_fultimo_cierre	0.000528690679564625	0.00125985195593475	0.00206277526899705
vmr_mconsumospesos_lag1	0.00052141724351129	0.00106743445415048	0.00256453141550984
mprestamos_prendarios_rank	0.000519225627124279	0.0036599002426965	0.000390254780621063
vmr_mconsumototal	0.000504989089337005	0.000879053627939102	0.00195127390310531
Master_fechaalta_delta1	0.000502929630422569	0.000797685737715402	0.00161676980543012
mautoservicio_rank_lag1	0.000499686431979528	0.00147531630536084	0.00234152868372638
vm_msaldototal_rank_delta1	0.000492528577856323	0.0011442071920195	0.00183977253721358
Master_cconsumos	0.000489146022751303	0.00142667315104638	0.00211852595194291
vm_mconsumospesos_rank	0.000486652099588558	0.00101853855008171	0.00178402185426771
Master_mpagominimo_rank	0.000480490234736861	0.000944795726950237	0.00200702458605118
vm_mfinanciacion_limite_rank_lag1	0.000476567498212032	0.00145725182577961	0.00234152868372638
vmr_msaldototal_delta1	0.000476372940030248	0.00205377168378214	0.00206277526899705
vm_msaldopesos_rank_delta1	0.000472778228192826	0.00176195147946592	0.00223002731783464
mv_status07_rank	0.000468507203443535	0.00048646872355823	0.00027875341472933
thomebanking_delta1	0.000464913371167352	0.00227060188363353	0.00150526843953838
vm_mlimitecompra_rank_lag1	0.00045600945286382	0.000691218178674694	0.00223002731783464
Visa_Finiciomora_lag1	0.000451718672543947	0.00326810730038875	0.000724758878296259
Visa_madelantopesos_rank	0.000451686248415145	0.000231915430232736	0.000947761610079723
vm_mconsumototal_rank_lag1	0.000451313368899576	0.000773691078494943	0.00144951775659252
ccomisiones_otras_lag1	0.000443047183034208	0.00110991664055923	0.00150526843953838
active_quarter_lag1	0.000439837642899526	0.000795268047611377	0.00144951775659252
mplazo_fijo_dolares_rank_delta1	0.000435587807631537	0.00258107413365189	0.000334504097675197
vmr_mpagospesos	0.00043532342858691	0.00123838440896804	0.00217427663488878
Master_cconsumos_lag1	0.000431227870281307	0.00108386954545285	0.00217427663488878
Master_msaldototal_rank_delta1	0.000430068960138528	0.00134124566053884	0.00161676980543012
ctarjeta_debito_delta1	0.00042953944010841	0.006773897040648	0.000724758878296259
mpagomiscuentas_rank_delta1	0.00042492826910396	0.00271638907013779	0.00111501365891732
Master_mconsumototal_rank_lag1	0.000423727727256795	0.00157609410526033	0.00206277526899705
Visa_fultimo_cierre_delta1	0.000421912230920446	0.000656373581259112	0.00144951775659252
vmr_mpagospesos_delta1	0.000417334158491246	0.00139313718860104	0.00161676980543012
vm_status02_lag1	0.00040481375998357	0.00032593121098151	0.000111501365891732
ccaja_ahorro_lag1	0.000402388206722573	0.000708408436925888	0.000223002731783464
Master_Fvencimiento_delta1	0.000398325407876173	0.000563129727541958	0.000947761610079723
Visa_mpagosdolares_rank_lag1	0.000396379032806285	0.000491299095005906	0.00139376707364665
Master_fultimo_cierre_delta1	0.000390001348540618	0.0014076957285645	0.00183977253721358
tcuentas_lag1	0.000382705848269672	0.00599451870739202	0.000836260244187991
ctarjeta_master	0.00037908016172824	0.000673353471574561	0.000223002731783464
mautoservicio_rank_delta1	0.00037722315688021	0.00125703144590981	0.00133801639070079
cmobile_app_trx_lag1	0.000376260680512221	0.00263007059821741	0.000892010927133857
Master_mpagado_rank_lag1	0.000372462771843419	0.000583771214336069	0.000613257512404527
mextraccion_autoservicio_rank	0.000368000702883082	0.00193286232742363	0.00200702458605118
Master_mconsumospesos_rank_lag1	0.000363815380164061	0.00135122214798244	0.00211852595194291
vmr_mpagospesos_lag1	0.000361726234178264	0.000698689130063077	0.00167252048837598
Master_mconsumosdolares_rank_lag1	0.000361423410739754	0.000595434305513591	0.00200702458605118
vm_fultimo_cierre	0.000354527296838898	0.00124741828623802	0.00156101912248425
vm_mconsumospesos_rank_delta1	0.000346279804024725	0.000980811025781131	0.00195127390310531
minversion2_rank	0.000343032815333338	0.00320935511912538	0.000390254780621063
Master_msaldopesos_rank_delta1	0.000342455197007859	0.00195145369006738	0.00178402185426771
vmr_mconsumototal_delta1	0.000339749052407865	0.00095014662418764	0.00139376707364665
vm_status01_delta1	0.000337581699061957	0.00119244868228082	0.000501756146512795
vm_mconsumospesos_rank_lag1	0.0003366199973615	0.000706068767896933	0.00139376707364665
ccajas_consultas_delta1	0.000325761750072867	0.00235624571406034	0.00027875341472933
Master_mpagospesos_rank_delta1	0.000324996890794775	0.000782003886915564	0.00156101912248425
Visa_fultimo_cierre_lag1	0.000323679398395141	0.000666954394906401	0.00128226570775492
ctarjeta_visa_transacciones_delta1	0.00032061755048743	0.00409550905018512	0.000780509561242125
mextraccion_autoservicio_rank_lag1	0.000319719854261622	0.000702882425719995	0.00161676980543012
mextraccion_autoservicio_rank_delta1	0.000317420865522087	0.00203881995612925	0.00111501365891732
Master_mconsumototal_rank_delta1	0.000313781358354388	0.000869733673393872	0.00195127390310531
mtarjeta_visa_descuentos_rank_delta1	0.000310068005425896	0.000821761115035748	0.000724758878296259
Master_Finiciomora	0.000308575117596605	0.00144197992275199	0.000167252048837598
vmr_mconsumospesos_delta1	0.000306713834190231	0.00222902088880301	0.00156101912248425
Master_madelantopesos_rank	0.000303431257569463	0.000347543626709827	0.000669008195350393
mcuenta_debitos_automaticos_rank_delta1	0.000300537190582885	0.00222674286605559	0.000780509561242125
vm_mconsumototal_rank	0.000297187203370553	0.0013835488800865	0.00128226570775492
Master_mpagosdolares_rank	0.000295497156297581	0.000661234583202926	0.00128226570775492
mpagomiscuentas_rank_lag1	0.000291576860139284	0.00197526052077378	0.00139376707364665
vmr_mconsumosdolares_lag1	0.000291419514680841	0.00146214018326085	0.00100351229302559
vm_mconsumototal_rank_delta1	0.000285544756256807	0.000905692142058974	0.00139376707364665
Master_mpagominimo_rank_delta1	0.00028169672923354	0.000814019305297862	0.00122651502480905
mtarjeta_visa_consumo_rank_lag1	0.000278893705671285	0.00204437120378165	0.00139376707364665
Master_mpagosdolares_rank_lag1	0.000275582324087746	0.000718533646023694	0.00167252048837598
Visa_mpagado_rank_lag1	0.000274558082640856	0.000878589354381277	0.000836260244187991
matm_rank_lag1	0.000274077702206411	0.00171802888916014	0.000947761610079723
cliente_vip	0.000271728234840118	0.000594868893525119	0.000334504097675197
vm_cconsumos_lag1	0.000268365174270793	0.00077213123492743	0.000892010927133857
Master_delinquency_delta1	0.000267185699083714	0.000116041226563388	0.000334504097675197
matm_rank	0.000264644577055364	0.000745032300142329	0.00111501365891732
active_quarter	0.000261516036548522	0.00129565669418527	0.00111501365891732
mtarjeta_master_consumo_rank	0.000246917939017145	0.00143254052853628	0.000669008195350393
cmobile_app_trx	0.00024448142089784	0.00207992877897213	0.000390254780621063
Master_status_delta1	0.000240989891990086	0.000497432322084938	0.000390254780621063
Master_madelantodolares_rank	0.000240240078001379	0.000143737552345507	0.000613257512404527
vm_msaldototal_rank_lag1	0.000238890023869575	0.001209532793341	0.00100351229302559
vmr_msaldopesos_delta1	0.00023660020717506	0.000576459965345793	0.00144951775659252
vm_mconsumosdolares_rank_lag1	0.000233712504584706	0.00268084671387306	0.00105926297597146
mv_status07_rank_lag1	0.000229213420048602	0.000820030395681599	0.000724758878296259
vm_msaldopesos_rank_lag1	0.000223294604832337	0.00083914787080934	0.00111501365891732
vm_cconsumos	0.000222007794551828	0.000274919683588246	0.000334504097675197
ctarjeta_debito_transacciones_delta1	0.000221983756619566	0.00410058176857709	0.000724758878296259
Master_mconsumospesos_rank_delta1	0.000221768208021314	0.000597119175445846	0.00156101912248425
mprestamos_prendarios_rank_lag1	0.000218036311395534	0.00205369693766577	0.000223002731783464
Visa_Finiciomora_delta1	0.000213138215878598	0.00183375726084473	0.000223002731783464
Master_cadelantosefectivo	0.000210106996547002	0.000199662866311151	0.00100351229302559
Master_mconsumosdolares_rank	0.000209956456565612	0.000396046921023058	0.00144951775659252
vm_fultimo_cierre_delta1	0.000198891162257179	0.0004083546011319	0.00128226570775492
Visa_msaldodolares_rank	0.000192303792650774	0.000656897574652176	0.000557506829458661
ctarjeta_visa_transacciones_lag1	0.000188072818603343	0.000778600434240838	0.000780509561242125
vmr_mconsumototal_lag1	0.000183814389529741	0.000360549258312444	0.00105926297597146
Visa_status_delta1	0.000182634476092222	0.000208374063826204	0.00027875341472933
mtarjeta_master_consumo_rank_delta1	0.000180821233878101	0.00199029508561748	0.000724758878296259
Master_cconsumos_delta1	0.00017996001994972	0.000242512426028929	0.000836260244187991
Visa_mpagosdolares_rank_delta1	0.000175170289133477	0.000213440617590018	0.000724758878296259
Visa_cadelantosefectivo_delta1	0.00017331322880539	6.84516457293114e-05	0.000334504097675197
Visa_madelantodolares_rank_lag1	0.000172994699601674	0.000135085304087174	0.000613257512404527
Visa_cadelantosefectivo_lag1	0.000171269535784246	0.000157581766021656	0.000557506829458661
vm_mpagospesos_rank_lag1	0.000169645434704753	0.0010215623001911	0.000780509561242125
vm_mconsumosdolares_rank	0.00016745285646735	0.000899173433075707	0.000669008195350393
cproductos_lag1	0.000167288303280431	0.000217512739774789	5.57506829458661e-05
mcheques_depositados_rank_delta1	0.000163675529542146	0.00308297523321436	0.000334504097675197
Visa_Fvencimiento_delta1	0.000163188379311246	0.000299032626611404	0.000501756146512795
Master_madelantopesos_rank_lag1	0.000158993517248665	0.000120675293133294	0.000557506829458661
cplazo_fijo_delta1	0.000157629832208508	0.000934849677358148	0.000111501365891732
Visa_fechaalta_delta1	0.00015697946494683	0.000382655036937686	0.000724758878296259
minversion1_pesos_rank	0.000154242185389708	0.00154542585077424	0.000167252048837598
cprestamos_personales_lag1	0.0001476382639135	0.00305720381257323	0.000446005463566929
vmr_mconsumosdolares	0.000142797262271333	0.000863231724493398	0.000557506829458661
cpayroll_trx_delta1	0.000141501914863763	0.000558793296925097	0.000111501365891732
mtarjeta_master_consumo_rank_lag1	0.000139123295405112	0.000802612431477979	0.000446005463566929
ctarjeta_debito_transacciones_lag1	0.000131660481326812	0.00101910646645037	0.000780509561242125
Master_mpagado_rank_delta1	0.000127921212809962	0.00101250896581351	0.000501756146512795
ccallcenter_transacciones_delta1	0.00012644359380007	0.00325085115767416	0.000501756146512795
cseguro_accidentes_personales	0.000122605321229115	0.000802578333378504	0.000390254780621063
Visa_mpagado_rank	0.000118144070014637	0.000707405721627764	0.000446005463566929
cproductos	0.000117636235580038	0.00114004780181742	0.000167252048837598
matm_rank_delta1	0.000117427754464461	0.000948995957813828	0.000501756146512795
ccomisiones_mantenimiento	0.000114984740247369	0.00267808977657595	0.00027875341472933
ctarjeta_master_transacciones_lag1	0.000111404469853414	0.000545694040032396	0.00027875341472933
vmr_Master_mlimitecompra_delta1	0.000110802571668126	0.000860627169098464	0.000501756146512795
Master_mpagado_rank	0.000108427414908036	0.000277164378814709	0.000334504097675197
mtarjeta_master_descuentos_rank_delta1	0.000107011244221076	0.00016525595749448	0.000446005463566929
minversion2_rank_lag1	0.000102534031024803	0.000940458718399486	0.000167252048837598
cinversion1	0.000100660239560985	0.00160685386594557	0.000167252048837598
vm_status06_lag1	9.83817274245923e-05	6.93141157369386e-05	0.000223002731783464
mcheques_emitidos_rank_delta1	9.57409976377384e-05	0.00255367236150874	0.00027875341472933
Visa_madelantopesos_rank_lag1	9.27621660568481e-05	7.6994279193287e-05	0.000446005463566929
cseguro_vida_lag1	9.10907083855716e-05	0.00148887116680303	0.000167252048837598
ctarjeta_debito_transacciones	9.10308848434252e-05	0.00050309607420114	0.000390254780621063
mprestamos_hipotecarios_rank_lag1	9.003167285396e-05	0.00143727573353683	0.000167252048837598
Master_mconsumosdolares_rank_delta1	8.88580696637746e-05	0.000140728443227987	0.000501756146512795
mcheques_depositados_rank_lag1	8.3269435237217e-05	0.00053561795531519	5.57506829458661e-05
Visa_madelantopesos_rank_delta1	8.20918160073171e-05	8.09799039392772e-05	0.000334504097675197
cseguro_auto	7.93310976406382e-05	0.00214247182126076	0.000223002731783464
mcheques_emitidos_rank_lag1	7.81030097348989e-05	0.000551054376856659	0.000111501365891732
matm_other_rank_lag1	7.70365902830623e-05	0.000304591772693623	0.000223002731783464
Visa_msaldodolares_rank_delta1	7.59319894424456e-05	0.000225380539100566	0.00027875341472933
Visa_status_lag1	7.56923896091008e-05	4.78452202578246e-05	0.000111501365891732
ccajas_depositos	7.46936521301138e-05	0.00214247182126076	0.000223002731783464
mttarjeta_master_debitos_automaticos_rank_delta1	7.46689716994265e-05	0.000534395239849832	0.000223002731783464
cpagomiscuentas_delta1	7.33186630448434e-05	0.00139112231841794	0.000167252048837598
vmr_msaldodolares2_delta1	7.20572722097303e-05	0.00106098991334969	0.000223002731783464
matm_other_rank_delta1	6.94384956140351e-05	0.00174785740570492	0.00027875341472933
Master_mpagosdolares_rank_delta1	6.73642536988748e-05	0.000110742728665291	0.000501756146512795
vmr_mpagado_lag1	6.7192510190375e-05	0.000220271025584306	0.000223002731783464
Master_madelantodolares_rank_lag1	6.5877062311567e-05	8.49695742224933e-05	0.000446005463566929
vmr_mpagado	6.53881125189992e-05	0.00122101133096317	0.00027875341472933
cmobile_app_trx_delta1	6.5256890565349e-05	0.00106899140804855	0.00027875341472933
Master_cadelantosefectivo_lag1	6.43585465398046e-05	0.000109299435098809	0.000557506829458661
Master_msaldodolares_rank	6.41821615143894e-05	0.000151546209769934	0.000390254780621063
vm_mpagado_rank_delta1	6.3638997449988e-05	0.000943570699749321	0.00027875341472933
Visa_mpagado_rank_delta1	6.26516265323438e-05	0.000219596191446107	0.000390254780621063
vmr_msaldodolares_lag1	6.14083482089967e-05	0.00067921622559335	0.00027875341472933
ccajas_otras_delta1	6.00248792766727e-05	0.000962651957686659	0.000111501365891732
Master_madelantodolares_rank_delta1	5.97741704474329e-05	4.98716491187203e-05	0.000223002731783464
mcheques_depositados_rank	5.9624460672364e-05	0.000524219365214388	5.57506829458661e-05
mcheques_emitidos_rank	5.86007019837895e-05	0.00053561795531519	5.57506829458661e-05
ccajas_depositos_delta1	5.81917401317015e-05	0.00107123591063038	0.000111501365891732
ctransferencias_recibidas	5.70100989182691e-05	0.00212145718181872	0.000223002731783464
ccajas_extracciones_lag1	5.61869786189027e-05	0.00130018133860545	0.000167252048837598
vmr_msaldodolares2_lag1	5.57200215191176e-05	0.000441248864315358	0.000223002731783464
mcajeros_propios_descuentos_rank_delta1	5.46908245200861e-05	7.38331734628528e-05	0.000111501365891732
ccajas_extracciones	5.44635114077226e-05	0.00057059181727737	0.000111501365891732
mtarjeta_master_descuentos_rank_lag1	5.42984612044006e-05	0.000288540236849194	0.000223002731783464
ctarjeta_visa_debitos_automaticos	5.42003157489612e-05	0.00107477691157079	0.000167252048837598
vmr_Visa_mlimitecompra_delta1	5.39246199578472e-05	0.000145494471369309	0.000111501365891732
vm_mpagado_rank_lag1	5.28083380996101e-05	0.000689546023288006	0.00027875341472933
vm_msaldodolares_rank	5.28076599382769e-05	0.000220825842118138	0.000167252048837598
ctransferencias_recibidas_delta1	5.27647642526834e-05	0.000976439341197016	0.000167252048837598
Master_cadelantosefectivo_delta1	5.21049721476445e-05	7.22652388208878e-05	0.000334504097675197
mplazo_fijo_dolares_rank_lag1	5.19926073812476e-05	0.000211808339641698	0.000167252048837598
cinversion1_lag1	5.16780673241238e-05	0.000513035188586556	5.57506829458661e-05
vm_Fvencimiento_delta1	5.13163961865029e-05	0.000159771172239365	0.00027875341472933
vmr_msaldodolares2	5.05790383883502e-05	0.000325421473291052	0.000167252048837598
ctarjeta_visa_debitos_automaticos_lag1	4.9124184201506e-05	0.000543536034889345	0.000167252048837598
minversion1_pesos_rank_lag1	4.87129852095277e-05	0.000512659531558441	0.000111501365891732
mttarjeta_master_debitos_automaticos_rank	4.67204000325184e-05	0.0012230812975104	0.00027875341472933
vm_status04_lag1	4.63935748111274e-05	0.000241205910149607	0.00027875341472933
Master_madelantopesos_rank_delta1	4.58234677026425e-05	5.42747347774932e-05	0.00027875341472933
ccajas_consultas_lag1	4.39773093318777e-05	0.00154174865008056	0.000167252048837598
ccajas_depositos_lag1	4.26334850997246e-05	0.00160685386594557	0.000167252048837598
cseguro_vivienda	4.09448996092022e-05	0.00053561795531519	5.57506829458661e-05
vm_msaldodolares_rank_lag1	4.07480941335054e-05	0.000741152244653471	0.000223002731783464
vmr_msaldodolares	3.98728737217702e-05	9.26088970173236e-05	0.000167252048837598
vm_fechaalta_delta1	3.89517868475831e-05	7.54101624024186e-05	0.00027875341472933
mtarjeta_visa_descuentos_rank	3.80213472342089e-05	0.000134191240360259	0.000167252048837598
Visa_madelantodolares_rank_delta1	3.69283375463448e-05	6.65571784398307e-05	0.00027875341472933
cplazo_fijo	3.68214839729354e-05	0.00107123591063038	0.000111501365891732
Master_msaldodolares_rank_delta1	3.66083941340748e-05	2.24850959013238e-05	5.57506829458661e-05
ctarjeta_master_descuentos_delta1	3.62553721008019e-05	0.000760148161019806	0.000167252048837598
ctransferencias_emitidas_delta1	3.51552891279647e-05	0.000460259806962818	0.000111501365891732
ctransferencias_emitidas	3.346025770831e-05	0.000626758322319527	0.000111501365891732
ctarjeta_visa_delta1	3.32929460237477e-05	0.000191970373598495	5.57506829458661e-05
vm_status04_delta1	3.32896197499634e-05	0.000188716413156496	0.000111501365891732
cforex_buy	3.31120241280563e-05	0.00107123591063038	0.000111501365891732
ctarjeta_visa_lag1	3.24909313730829e-05	0.000965820769202285	0.000111501365891732
vmr_mpagosdolares_lag1	3.24350482328183e-05	9.52124891891085e-05	0.000111501365891732
cforex_buy_delta1	3.21736084769661e-05	0.00105383239477399	0.000111501365891732
mcaja_ahorro_adicional_rank_delta1	3.19539034516789e-05	0.00145058574365454	0.000167252048837598
mforex_sell_rank_lag1	3.16470269572662e-05	0.000886155472216782	0.000111501365891732
ccajas_extracciones_delta1	3.07468453402016e-05	0.0010641521749479	0.000111501365891732
matm_other_rank	3.00774560918391e-05	9.98253648497366e-05	0.00027875341472933
ctarjeta_debito	2.90027264748016e-05	0.00107123591063038	0.000111501365891732
vm_mpagado_rank	2.89452565474027e-05	0.000539041250386786	0.000111501365891732
catm_trx_lag1	2.86581944779848e-05	0.000960860555274123	0.000111501365891732
vmr_mconsumosdolares_delta1	2.83757272629418e-05	0.000584770462030857	0.000111501365891732
Visa_delinquency_delta1	2.81663385829596e-05	5.37850321285345e-05	0.000223002731783464
vm_status06_delta1	2.76435451150971e-05	0.000940271853108578	0.000167252048837598
cextraccion_autoservicio_delta1	2.73024956295669e-05	0.000458320068185334	0.000111501365891732
ctarjeta_debito_lag1	2.70568110247948e-05	0.000554195062256334	0.000111501365891732
mforex_sell_rank	2.69437267733775e-05	0.00107123591063038	0.000111501365891732
ccajas_otras	2.60177829507444e-05	0.00053561795531519	5.57506829458661e-05
cpagomiscuentas	2.55551297412898e-05	0.00053561795531519	5.57506829458661e-05
vm_status03_lag1	2.51519580170782e-05	3.41402886490233e-05	0.000167252048837598
cprestamos_hipotecarios_lag1	2.4941184285976e-05	0.00103263435764438	0.000111501365891732
cpayroll_trx	2.32006894513396e-05	0.00107123591063038	0.000111501365891732
ctarjeta_visa_descuentos	2.29708844640275e-05	0.000432244269029116	5.57506829458661e-05
Visa_madelantodolares_rank	2.21279474753546e-05	3.10367836629001e-05	0.000167252048837598
ctransferencias_emitidas_lag1	2.19856960597555e-05	1.07958050541492e-05	5.57506829458661e-05
ccheques_emitidos	2.15723867293383e-05	0.00053561795531519	5.57506829458661e-05
vm_msaldodolares_rank_delta1	2.08569910557613e-05	0.000236711896225567	5.57506829458661e-05
ctarjeta_visa_descuentos_delta1	2.04055982680418e-05	8.25172080851036e-05	5.57506829458661e-05
vmr_mpagosdolares	1.89554317723493e-05	5.57147533852692e-05	0.000111501365891732
cpagomiscuentas_lag1	1.89531193440973e-05	0.000425031654089299	0.000111501365891732
cliente_edad_delta1	1.8800616823672e-05	4.95262372974839e-05	5.57506829458661e-05
ccomisiones_mantenimiento_lag1	1.80532558628166e-05	0.000543418906954425	0.000111501365891732
ccuenta_debitos_automaticos_delta1	1.80472554369976e-05	0.000486194590250021	5.57506829458661e-05
cseguro_vida	1.62669789113365e-05	0.00052580020704655	5.57506829458661e-05
ccajeros_propios_descuentos_delta1	1.6230494058045e-05	6.24035675766524e-05	5.57506829458661e-05
mcaja_ahorro_adicional_rank	1.54262439657237e-05	0.00107092883509047	0.000111501365891732
ccallcenter_transacciones_lag1	1.5101597719718e-05	0.000521223741220954	5.57506829458661e-05
vmr_mpagosdolares_delta1	1.49682909011347e-05	0.000389894236836416	5.57506829458661e-05
internet_delta1	1.33269910303781e-05	0.000510043224841089	5.57506829458661e-05
mttarjeta_master_debitos_automaticos_rank_lag1	1.23690841847782e-05	0.00049573049942526	5.57506829458661e-05
mforex_sell_rank_delta1	1.21935105931566e-05	8.65461778727995e-05	5.57506829458661e-05
vmr_mpagado_delta1	1.06332470391644e-05	0.000487921649356203	5.57506829458661e-05
vm_status05_delta1	1.06195479538039e-05	9.18866723001928e-05	5.57506829458661e-05
mprestamos_prendarios_rank_delta1	1.04720756016643e-05	0.000530681244031863	5.57506829458661e-05
ctarjeta_master_transacciones_delta1	1.04331577455265e-05	0.000457316197019431	5.57506829458661e-05
mtarjeta_visa_descuentos_rank_lag1	1.02101706005318e-05	4.9161753657897e-05	5.57506829458661e-05
ccallcenter_transacciones	1.00176112752189e-05	0.000478842307953597	5.57506829458661e-05
mcheques_emitidos_rechazados_rank_lag1	9.8662284568946e-06	0.00053561795531519	5.57506829458661e-05
vm_mconsumosdolares_rank_delta1	9.81526785935351e-06	4.4893519239986e-05	5.57506829458661e-05
active_quarter_delta1	8.83510679297769e-06	0.000292742586803712	5.57506829458661e-05
cprestamos_prendarios_delta1	8.30445460704533e-06	0.00053561795531519	5.57506829458661e-05
vm_mpagosdolares_rank_delta1	7.3382332091407e-06	0.000509376867066601	5.57506829458661e-05
mplazo_fijo_pesos_rank_delta1	6.53770281474933e-06	0.000530004868736626	5.57506829458661e-05
vmr_msaldodolares_delta1	4.2479626822711e-06	9.14811553544579e-06	5.57506829458661e-05
vm_status05_lag1	3.48216258269711e-06	1.71266855233588e-05	0.000111501365891732
mcajeros_propios_descuentos_rank	6.01642954910723e-07	7.5686222156926e-06	5.57506829458661e-05
