Feature	Gain	Cover	Frequency
ctrx_quarter	0.135969097144039	0.00702246566834451	0.0030060120240481
mcaja_ahorro_rank_lag1	0.0879958346008888	0.00610905300383225	0.00334001336005344
Visa_status	0.0681433420876442	0.00669015536899742	0.00306167891338232
mcuenta_corriente_rank	0.053092686003073	0.0122681679005535	0.00757069694945447
mpayroll_rank	0.0306197232047727	0.00806736820434778	0.00133600534402138
mcaja_ahorro_rank	0.0267099709341309	0.00849977393404408	0.00361834780672456
ctrx_quarter_normalizado	0.0257601096761343	0.00802060052256925	0.00267201068804275
mprestamos_personales_rank	0.0208365812413227	0.00935483974748117	0.00250501002004008
Visa_mpagospesos_rank	0.0198819203848719	0.00304577463710697	0.00690269427744378
mpayroll_sobre_edad_rank	0.0156088289177895	0.00711412919041328	0.00194834112669784
cdescubierto_preacordado	0.0146158223179272	0.00994422917833057	0.00606769093743042
foto_mes	0.0142792206142839	0.0130126839435544	0.0085727009574705
mtarjeta_visa_consumo_rank	0.01393233320967	0.00322692157026237	0.00250501002004008
mpayroll_sobre_edad_rank_lag1	0.0113261758856855	0.002257786656164	0.00100200400801603
Visa_msaldopesos_rank_lag1	0.01123857398124	0.00285686559688332	0.00400801603206413
mcuentas_saldo_rank	0.00980595027569508	0.00958711573392376	0.00539968826541973
vm_status01	0.00849841953796635	0.00342664590751923	0.00183700734802939
mpasivos_margen_rank	0.00804366802536942	0.0049337078312996	0.00590069026942774
mrentabilidad_annual_rank_delta1	0.00786225607670129	0.00829455381653217	0.0180360721442886
mprestamos_personales_rank_delta1	0.00762927443594896	0.0143943907312025	0.00334001336005344
mprestamos_personales_rank_lag1	0.00636272361268938	0.00434726813141785	0.00172567356936094
mactivos_margen_rank	0.00611251289044865	0.00690360200952104	0.00662435983077266
tcallcenter	0.00608032186016842	0.00501184926242046	0.0041750167000668
cdescubierto_preacordado_delta1	0.00603783392731292	0.00651752100382222	0.00105767089735026
Visa_mpagosdolares_rank	0.00600082141161002	0.000387671208805567	0.0016143397906925
vmr_msaldototal	0.00567183926813029	0.00241651383301244	0.00217100868403474
internet_lag1	0.00561840445052736	0.00163085808609578	0.000445335114673792
vm_status06	0.00561243001988696	0.000966060649152498	0.000668002672010688
ctrx_quarter_normalizado_delta1	0.00557549211239148	0.00289283407525045	0.00267201068804275
thomebanking	0.00533244124755567	0.00437485413191436	0.0107993765308395
internet	0.00514146074039618	0.00143071301558321	0.000334001336005344
Visa_msaldopesos_rank	0.00487692146958344	0.00250059246944352	0.00339568024938766
Visa_delinquency_lag1	0.00475075474425712	0.001983431021656	0.0011690046760187
mcuenta_corriente_rank_lag1	0.00449884334433472	0.00657281964629158	0.0043976842574037
ctrx_quarter_delta1	0.00449775168053744	0.00393836272977815	0.00306167891338232
ccomisiones_mantenimiento_delta1	0.00447230398719915	0.00342622498267278	0.000501002004008016
mrentabilidad_annual_rank_lag1	0.0043978765569469	0.00638060125928927	0.00879536851480739
mrentabilidad_annual_rank	0.00420726144911271	0.00651739972688649	0.00885103540414162
mcuentas_saldo_rank_delta1	0.00403000211646566	0.00615752105339057	0.00629035849476731
Master_status_delta1	0.00377950732904632	0.000692498583471979	0.000389668225339568
mautoservicio_rank	0.00375500522840313	0.00213447464363784	0.00222667557336896
Visa_fechaalta	0.00374983478510495	0.00690924454827968	0.00706969494544645
Visa_mpagominimo_rank	0.00372297389242396	0.00464151854792633	0.00595635715876197
cprestamos_personales	0.00358333413528894	0.000566548941286723	0.000222667557336896
ctarjeta_visa_transacciones	0.00335457740129379	0.00395130832420218	0.00144733912268982
Master_fechaalta_lag1	0.00332632659114676	0.00604224742177362	0.0110777109775106
mcomisiones_otras_rank_lag1	0.0032994253761761	0.00418341207057332	0.00951903807615231
Visa_delinquency	0.00321263616940148	0.0023488116063105	0.00167000668002672
mcomisiones_otras_rank_delta1	0.00310803505383707	0.00452044105815125	0.00823869962146515
mpasivos_margen_rank_delta1	0.0031000695440294	0.00532199270523178	0.00985303941215765
mrentabilidad_rank_delta1	0.00299705556355471	0.00384359294711064	0.0101313738588288
cdescubierto_preacordado_lag1	0.00297456442784251	0.00514588978137652	0.00434201736806947
mtarjeta_visa_consumo_rank_lag1	0.00292920676598258	0.00102900893492822	0.00128033845468715
mcaja_ahorro_rank_delta1	0.00286381360932766	0.00607720621696334	0.00512135381874861
Visa_Finiciomora	0.00286265229032945	0.00439195053962845	0.000779336450679136
mcomisiones_rank_delta1	0.00282110960375391	0.00476229658138144	0.00623469160543309
Visa_msaldototal_rank	0.00276916868971593	0.0027887696512194	0.00345134713872189
mtransferencias_recibidas_rank	0.00275347431204149	0.0050554965058858	0.00428635047873525
chomebanking_transacciones	0.00268621232317291	0.00639870524268269	0.00812736584279671
cprestamos_personales_delta1	0.00268042375653329	0.00309424287825604	0.000334001336005344
Master_fechaalta	0.00265756322660969	0.00686998684016115	0.0110777109775106
vm_fechaalta_lag1	0.00261886631248511	0.00395857880944249	0.00668002672010688
ccaja_ahorro	0.00259406616732419	0.00371018870098801	0.00055666889334224
mactivos_margen_rank_delta1	0.00258791994929614	0.00483861445187941	0.0106323758628368
thomebanking_lag1	0.00256939370287853	0.00368926143651256	0.00940770429748386
mcomisiones_rank	0.00255292508290992	0.00359321642590789	0.00812736584279671
mcomisiones_otras_rank	0.0025124829784795	0.00274216060657008	0.00656869294143843
mcomisiones_mantenimiento_rank	0.00250925590723865	0.00803557640402004	0.00567802271209085
vm_Finiciomora	0.00248320357574677	0.00277490308012862	0.000723669561344912
mcomisiones_mantenimiento_rank_delta1	0.00246121293650625	0.003271193591117	0.00233800935203741
vm_status05	0.00244672072701815	0.00135783841378817	0.0011690046760187
mpayroll_rank_lag1	0.00234962686911274	0.00275945626864935	0.000890670229347584
vm_msaldototal_rank	0.00227701422930547	0.00156999813933975	0.00261634379870853
ccaja_seguridad	0.00222387928747341	0.00585956546364338	0.000612335782676464
mcuenta_debitos_automaticos_rank	0.002216381175253	0.00507329835068893	0.00189267423736362
Master_Fvencimiento_lag1	0.00216185197817743	0.00446578117919489	0.0106323758628368
mpasivos_margen_rank_lag1	0.0021378613716774	0.00353975743768322	0.00501002004008016
cliente_edad	0.00207619237349817	0.00578206931012053	0.00517702070808283
ctarjeta_visa	0.00205946431448642	0.000993043522012863	0.00027833444667112
Visa_mpagominimo_rank_lag1	0.00200547969487244	0.00294485325909594	0.00567802271209085
Master_Fvencimiento	0.00196053339436673	0.00289028802596304	0.00862836784680472
mpayroll_rank_delta1	0.00195251117341086	0.00594053860583865	0.00172567356936094
mactivos_margen_rank_lag1	0.0019296121489708	0.00496750501185846	0.00656869294143843
chomebanking_transacciones_delta1	0.00192289655481419	0.00573075403063819	0.00712536183478067
mcomisiones_rank_lag1	0.00192055197386644	0.00341429328642236	0.00807169895346248
ctrx_quarter_lag1	0.00191044750798681	0.00223163107210061	0.00239367624137163
Visa_mpagominimo_rank_delta1	0.00189408900422291	0.00248149374695008	0.00384101536406146
vmr_mpagominimo	0.00184342958608471	0.00144982629897256	0.00406368292139835
Visa_mconsumospesos_rank	0.0018289450345376	0.00354597359910469	0.00812736584279671
Visa_mconsumospesos_rank_lag1	0.00182309057889472	0.00323967404122476	0.00829436651079938
mrentabilidad_rank_lag1	0.00180734723556058	0.0032005082966594	0.00629035849476731
vm_Finiciomora_delta1	0.00179094958823866	0.0021759666829167	0.000501002004008016
Master_mfinanciacion_limite_rank	0.0017872548196531	0.00470360965675031	0.00818303273213093
Master_mlimitecompra_rank_delta1	0.00172801354584514	0.0052708004270018	0.0118570474281897
numero_de_cliente	0.00172569929118674	0.00729946602136884	0.00562235582275662
Visa_mpagospesos_rank_delta1	0.00171472013197875	0.00316537726139824	0.00873970162547317
Visa_mconsumototal_rank	0.00170076319367323	0.00405436842959641	0.00812736584279671
vm_fechaalta	0.00169925173097117	0.00427572604318996	0.00617902471609886
mrentabilidad_rank	0.00167275968023629	0.00380102512585053	0.00623469160543309
mttarjeta_visa_debitos_automaticos_rank_delta1	0.00165356358613465	0.004289132030152	0.00250501002004008
Master_mfinanciacion_limite_rank_lag1	0.00161034396150706	0.00322233565441141	0.00873970162547317
Visa_Fvencimiento	0.00159878580482958	0.00332766515207063	0.00712536183478067
mtransferencias_emitidas_rank	0.00158043509257258	0.00721979492981374	0.00495435315074594
Master_mfinanciacion_limite_rank_delta1	0.00157853277706931	0.00339694570325369	0.0097417056334892
vmr_mpagominimo_delta1	0.00157688517826386	0.00247635164319323	0.00261634379870853
Visa_Fvencimiento_lag1	0.00157026219907041	0.00372760621477522	0.0067356936094411
Master_mlimitecompra_rank	0.00155826243638231	0.00331684928026522	0.00823869962146515
vm_Finiciomora_lag1	0.00154613345876087	0.00357005847049607	0.00105767089735026
cproductos_delta1	0.00149668827018332	0.00435773262581388	0.00055666889334224
Visa_mconsumototal_rank_delta1	0.0014759444166552	0.00213201002041313	0.00668002672010688
vm_Fvencimiento	0.00147397112292752	0.00351181737750704	0.00595635715876197
Visa_status_delta1	0.00145508690941269	0.000766260633555019	0.000890670229347584
ccajas_transacciones	0.00143525233166471	0.00312616975005248	0.00272767757737698
ccaja_seguridad_lag1	0.00143429717441065	0.00182631952948215	0.000222667557336896
mcuenta_corriente_rank_delta1	0.00143200468252857	0.00308386747355212	0.00250501002004008
vm_Fvencimiento_lag1	0.00142815241942016	0.00451620690289113	0.00551102204408818
Visa_fechaalta_lag1	0.00142497183914334	0.00303258533926707	0.0057893564907593
Visa_mfinanciacion_limite_rank_delta1	0.00142443054010379	0.00271956190451592	0.00796036517479403
Master_mlimitecompra_rank_lag1	0.00141140430529429	0.00293604794047151	0.00729236250278335
cliente_edad_lag1	0.00140826094114734	0.00381196974663036	0.0039523491427299
Visa_mpagospesos_rank_lag1	0.00140393983575933	0.00374262290505273	0.006958361166778
Visa_cconsumos	0.00139938142619321	0.00338163856142079	0.00562235582275662
vm_mpagominimo_rank_lag1	0.00139904925733399	0.0031660131510502	0.00311734580271654
cliente_antiguedad_lag1	0.00139645333897511	0.00535653747284154	0.00517702070808283
Visa_mlimitecompra_rank_delta1	0.001376223155371	0.0027348721118006	0.00779336450679136
cliente_vip_delta1	0.0013686042173325	0.00227243031927899	0.00133600534402138
Visa_cconsumos_lag1	0.00136318202543483	0.0027169509059691	0.00495435315074594
chomebanking_transacciones_lag1	0.00134889303561914	0.00301040468819833	0.00651302605210421
mpagomiscuentas_rank	0.00134252258451429	0.00413824397984759	0.00233800935203741
Visa_mfinanciacion_limite_rank	0.00134017665540157	0.00296325880630742	0.00523268759741706
mcaja_ahorro_dolares_rank	0.00133588662419475	0.00664624315554454	0.00339568024938766
mcuentas_saldo_rank_lag1	0.0013342172981821	0.00496849438641788	0.00334001336005344
Visa_mlimitecompra_rank	0.00131683200929126	0.00248033711367835	0.00512135381874861
ctrx_quarter_normalizado_lag1	0.00128572082300257	0.00319095596575628	0.00283901135604542
Visa_msaldodolares_rank_lag1	0.0012234351406069	0.000505692059982464	0.000668002672010688
Visa_mconsumototal_rank_lag1	0.00122136703280773	0.00243307340348496	0.00662435983077266
Visa_msaldototal_rank_lag1	0.00121754854428417	0.00259839532504872	0.00428635047873525
vmr_Master_mlimitecompra_lag1	0.00120108447619774	0.00246474852505462	0.00523268759741706
vmr_msaldopesos	0.00117631560500232	0.00159842541475695	0.00244934313070586
mautoservicio_rank_lag1	0.0011330128288397	0.00122679226644118	0.00217100868403474
vmr_Master_mlimitecompra	0.00111470475486434	0.00274210849388995	0.00534402137608551
cliente_antiguedad	0.00109827154223109	0.0045332753383578	0.00406368292139835
mcomisiones_mantenimiento_rank_lag1	0.00108086585721145	0.00567927973084518	0.0041750167000668
Visa_mconsumospesos_rank_delta1	0.00107221508740986	0.00268560110546874	0.00617902471609886
Master_mpagominimo_rank	0.00104842003969787	0.00150902496245889	0.00244934313070586
mplazo_fijo_dolares_rank	0.00104256659871857	0.00700423216961373	0.00100200400801603
Master_status	0.00103226554708624	0.00301883927874907	0.00133600534402138
Visa_mlimitecompra_rank_lag1	0.00103164959326611	0.00245218323824107	0.00512135381874861
Master_mpagospesos_rank	0.00103049184714882	0.00333285630305583	0.00306167891338232
Visa_mfinanciacion_limite_rank_lag1	0.00102666961336646	0.00224621457572458	0.00484301937207749
vmr_mpagominimo_lag1	0.00101362478301654	0.00236930894117493	0.0027833444667112
cliente_vip_lag1	0.00100487403827854	0.00275250593152848	0.000668002672010688
vm_mfinanciacion_limite_rank_delta1	0.00100356536261494	0.00358115674704598	0.00484301937207749
Visa_mconsumosdolares_rank	0.000969727947050082	0.00266004884063223	0.00406368292139835
mcaja_ahorro_dolares_rank_delta1	0.00096805720578631	0.00229094718070795	0.00155867290135827
Master_mconsumospesos_rank	0.000960429635370538	0.00106851245396072	0.00183700734802939
vm_status01_lag1	0.000942093046449872	0.00150561368940882	0.000445335114673792
Visa_Finiciomora_lag1	0.000937464209099251	0.00232884880959882	0.000668002672010688
Master_mpagominimo_rank_lag1	0.000935209221460299	0.00216428577893938	0.00317301269205077
Master_mpagosdolares_rank_lag1	0.000934847079854838	0.000515601707607764	0.00167000668002672
vm_mpagominimo_rank	0.000919266247565043	0.00201819956724512	0.00250501002004008
Visa_msaldopesos_rank_delta1	0.000913967084621577	0.00175963177572602	0.00378534847472723
mtransferencias_recibidas_rank_lag1	0.000897495149157613	0.00344480123722982	0.00361834780672456
vmr_msaldototal_delta1	0.000892808345325546	0.00274517049702874	0.00233800935203741
Visa_mconsumosdolares_rank_lag1	0.000892600968633612	0.00172187556420358	0.00423068358940102
Master_cadelantosefectivo	0.000886403265992219	0.000370859888106274	0.00083500334001336
vm_mlimitecompra_rank_delta1	0.000880477726727011	0.00198141548711589	0.00489868626141171
vm_status04	0.000870512042028725	0.00105347545506522	0.000779336450679136
ccaja_ahorro_delta1	0.000852410084949229	0.00680375564712831	0.000890670229347584
vm_msaldopesos_rank	0.000837139814211526	0.00171089339163954	0.00200400801603206
tcallcenter_delta1	0.000832526574413051	0.00194874945826091	0.00111333778668448
mtransferencias_emitidas_rank_lag1	0.00081300986227241	0.00260109694601355	0.00339568024938766
cpayroll_trx_lag1	0.000807071795382969	0.000532687769422125	5.5666889334224e-05
vm_status03_delta1	0.000802120485284974	0.00132095221579679	0.000222667557336896
Visa_msaldototal_rank_delta1	0.000799665018572065	0.00160673470496651	0.00389668225339568
vm_msaldopesos_rank_delta1	0.000798951404567272	0.0015907008594729	0.00200400801603206
mtransferencias_emitidas_rank_delta1	0.000794054510915586	0.00338759511739532	0.00194834112669784
vm_mlimitecompra_rank	0.000773900310092978	0.00204398595596071	0.00350701402805611
Visa_fechaalta_delta1	0.000773865677034612	0.00122911357979555	0.0011690046760187
vmr_msaldopesos2	0.000772383475044233	0.00222677118149753	0.00289467824537965
Master_fultimo_cierre	0.000772186824001929	0.00203826065000423	0.00339568024938766
cproductos	0.000763932684521497	0.00137095969691688	0.000167000668002672
mtransferencias_recibidas_rank_delta1	0.00075710588573345	0.00214078334338468	0.00261634379870853
Visa_cconsumos_delta1	0.000756878627867642	0.00154296430334367	0.00250501002004008
mpayroll_sobre_edad_rank_delta1	0.000749845627636669	0.00259802785401754	0.000890670229347584
mcaja_ahorro_dolares_rank_lag1	0.000749285987956736	0.00265945375980698	0.00261634379870853
tcallcenter_lag1	0.000730098966931052	0.00322231419624901	0.0025606769093743
mttarjeta_visa_debitos_automaticos_rank	0.000718055754519828	0.00220284437246314	0.00311734580271654
vm_status04_delta1	0.000700697329619029	0.00169048802032828	0.000334001336005344
Master_mconsumototal_rank	0.000696040424257254	0.00177773595071017	0.0027833444667112
vmr_Visa_mlimitecompra_lag1	0.000693217893288707	0.00169029087346119	0.00306167891338232
vm_mfinanciacion_limite_rank	0.000679716417300159	0.00150923475431454	0.00283901135604542
vmr_Visa_mlimitecompra	0.000678865517730529	0.0016699148155325	0.00322867958138499
mttarjeta_visa_debitos_automaticos_rank_lag1	0.000670998831219054	0.0023110925633908	0.00272767757737698
ccajas_transacciones_lag1	0.0006695209378356	0.00236956394844421	0.00222667557336896
Master_mpagospesos_rank_lag1	0.000661038815101886	0.00213956616744045	0.00306167891338232
ccajas_consultas_delta1	0.000655084411863439	0.00250451892998202	0.000334001336005344
vm_fultimo_cierre	0.000652656942995169	0.00275342020251949	0.0025606769093743
vmr_msaldototal_lag1	0.000652147343760121	0.000950974794619387	0.00194834112669784
vmr_msaldopesos_lag1	0.000639751900713713	0.00152144559826695	0.00228234246270318
vm_mfinanciacion_limite_rank_lag1	0.000638568752583993	0.00146249696069078	0.00267201068804275
mtarjeta_visa_consumo_rank_delta1	0.000634976338094508	0.00267670190738379	0.0025606769093743
Master_msaldototal_rank	0.00062408419917642	0.0022439135709882	0.00205967490536629
vm_mpagospesos_rank_delta1	0.000617507096335339	0.00142911802270807	0.00250501002004008
mplazo_fijo_dolares_rank_delta1	0.000611608066005341	0.00412141752348017	0.000612335782676464
Master_fultimo_cierre_lag1	0.000611465917746459	0.00191418169976286	0.0030060120240481
Master_msaldopesos_rank	0.000608214608572556	0.00228073865153488	0.00261634379870853
Visa_fultimo_cierre_lag1	0.000604890719437922	0.000954424577407337	0.00189267423736362
ccajas_transacciones_delta1	0.000597648338198872	0.00266364998010143	0.00100200400801603
vm_status05_delta1	0.000594095578934222	0.00108072655495564	0.000389668225339568
vm_mlimitecompra_rank_lag1	0.000590979041135071	0.000900162823999869	0.00222667557336896
Visa_fultimo_cierre	0.000578745214436761	0.00109651458953528	0.00244934313070586
vm_fultimo_cierre_lag1	0.000571361864660507	0.00256271480755742	0.00267201068804275
Master_msaldototal_rank_lag1	0.000556165148113702	0.00133245570675281	0.00261634379870853
Master_delinquency	0.000546024932278739	0.00143638946590207	0.00105767089735026
ccomisiones_otras	0.000534842081992059	0.00220203739228415	0.0013916722333556
vmr_mconsumospesos_lag1	0.000528198792970058	0.0011654320762741	0.00228234246270318
vm_status01_delta1	0.00052572337735132	0.000573091956503388	0.000890670229347584
Visa_mconsumosdolares_rank_delta1	0.000524646182368049	0.000798346142480667	0.00250501002004008
vmr_mconsumototal	0.000502154779594477	0.0013726928267125	0.00211534179470051
vm_msaldototal_rank_lag1	0.000500036294336556	0.00124821900796474	0.0013916722333556
vm_mpagominimo_rank_delta1	0.000494929913264136	0.0023868446664461	0.00217100868403474
vmr_mconsumospesos	0.000494503104225469	0.00122394407856349	0.00200400801603206
vm_mconsumospesos_rank	0.000487979731802896	0.000590923114689089	0.00150300601202405
vmr_mpagospesos_delta1	0.000484939739464234	0.00250674425637778	0.00244934313070586
ccaja_ahorro_lag1	0.000484249923925883	0.00131063045649889	0.000445335114673792
Master_msaldopesos_rank_lag1	0.000476886783624548	0.00160737480961466	0.00178134045869517
vmr_mpagospesos	0.000475380310163476	0.00132237209473945	0.00283901135604542
vm_mconsumototal_rank	0.000472947832744193	0.00102035631412019	0.00122467156535293
vmr_mpagospesos_lag1	0.000462206741247151	0.000681514878182054	0.00183700734802939
ctarjeta_debito_delta1	0.000459147559882997	0.0050252477773438	0.00055666889334224
vmr_msaldopesos2_lag1	0.000455095835948806	0.00162233842925836	0.00200400801603206
vm_msaldototal_rank_delta1	0.000445941986331422	0.00156436115671245	0.00217100868403474
Master_msaldototal_rank_delta1	0.000440324215768475	0.00103473079225146	0.00178134045869517
ccajas_consultas	0.0004291443427254	0.00210086215654825	0.000222667557336896
Master_mconsumospesos_rank_delta1	0.00042546302805579	0.00112364192181041	0.00217100868403474
Master_cconsumos	0.000424074000778281	0.000918450926090338	0.00167000668002672
vm_status02	0.000422724043318312	0.00300073721126302	0.00100200400801603
mpagomiscuentas_rank_lag1	0.000421347693895051	0.00260585165330271	0.00189267423736362
Visa_mpagosdolares_rank_lag1	0.000416138563141301	0.000961934167885872	0.00178134045869517
mcuenta_debitos_automaticos_rank_lag1	0.000406660535413102	0.00139187163413348	0.00172567356936094
vm_mconsumospesos_rank_delta1	0.000406244562259411	0.000758904124074351	0.00178134045869517
vmr_mconsumototal_lag1	0.000404924835682044	0.00162692166283902	0.00189267423736362
tcuentas_lag1	0.000404587743977348	0.00519749742832162	0.000779336450679136
Master_mconsumototal_rank_lag1	0.000387958704096792	0.00103908009354376	0.00222667557336896
vmr_msaldopesos_delta1	0.000387623216158613	0.00103894655480094	0.00200400801603206
ccomisiones_otras_lag1	0.000386006916567003	0.00145128219697354	0.0013916722333556
vm_mconsumototal_rank_delta1	0.000383482416019169	0.000919846473009556	0.00194834112669784
vm_mpagospesos_rank	0.000382888325387035	0.000783537902923661	0.00122467156535293
Master_mpagosdolares_rank	0.000382298787460649	0.000361041054489721	0.00128033845468715
mprestamos_prendarios_rank	0.000381581108506262	0.00319612661653275	0.000334001336005344
mplazo_fijo_dolares_rank_lag1	0.000381410414356978	0.00153068506149859	0.000389668225339568
Master_mpagospesos_rank_delta1	0.000372577088244646	0.00110944830533369	0.00200400801603206
Visa_cadelantosefectivo	0.000370394822227147	0.000433189718986994	0.000668002672010688
mcuenta_debitos_automaticos_rank_delta1	0.000367487084996427	0.00362229185278413	0.0011690046760187
Master_Finiciomora	0.000353011099011101	0.00197295541499729	0.000334001336005344
vmr_msaldopesos2_delta1	0.000344586561006964	0.00130952689386095	0.00172567356936094
Master_mconsumospesos_rank_lag1	0.000342256329631203	0.0013636309680929	0.00183700734802939
active_quarter	0.000338886283059734	0.000701207723547057	0.0011690046760187
vm_fultimo_cierre_delta1	0.000338762515979593	0.00071929178150395	0.00128033845468715
ccomisiones_otras_delta1	0.000334176059186643	0.000878818274901949	0.000946337118681808
Master_cconsumos_lag1	0.000330537552676927	0.000884744176358757	0.0016143397906925
vm_mconsumospesos_rank_lag1	0.000326653834895729	0.000478577947468109	0.0013916722333556
cmobile_app_trx_lag1	0.000325056486541124	0.00141599501526274	0.000723669561344912
mextraccion_autoservicio_rank_lag1	0.000319713177070979	0.00230535806107901	0.0013916722333556
ccomisiones_mantenimiento_lag1	0.000312441628266573	0.00109476249225683	0.000222667557336896
Master_fultimo_cierre_delta1	0.000311126921401361	0.00108712070417063	0.0016143397906925
mextraccion_autoservicio_rank	0.000302979134068161	0.00128027807736885	0.00128033845468715
mpagomiscuentas_rank_delta1	0.000298833349784097	0.00225030676224951	0.00111333778668448
active_quarter_lag1	0.000298773298720465	0.000832059789478736	0.00122467156535293
mautoservicio_rank_delta1	0.000298368569798706	0.00173159323791166	0.00128033845468715
vm_cconsumos_lag1	0.000297123162021547	0.0010576563481008	0.000890670229347584
vm_msaldopesos_rank_lag1	0.000295320360706417	0.00126593521170899	0.0011690046760187
Master_Fvencimiento_delta1	0.000294562941165292	0.000511921441164704	0.00105767089735026
vmr_mconsumototal_delta1	0.000294328730061823	0.000863639307271262	0.00150300601202405
Master_cconsumos_delta1	0.000294114272760772	0.000781983527284505	0.0011690046760187
matm_rank_lag1	0.000293544516882026	0.00191526284628471	0.00111333778668448
cmobile_app_trx	0.000289176493346138	0.00235940657399758	0.000445335114673792
Visa_fultimo_cierre_delta1	0.000287886006864989	0.000311998232724137	0.00111333778668448
Master_mpagominimo_rank_delta1	0.000272853371320757	0.000611126549364871	0.00122467156535293
vm_status06_delta1	0.000272592122628879	0.0007746611209548	0.000111333778668448
thomebanking_delta1	0.000272572496637081	0.00104442375075462	0.000946337118681808
vm_status03	0.000268980060077708	0.000341974710830627	0.000779336450679136
Master_msaldopesos_rank_delta1	0.000265637863745199	0.00152780296206067	0.00111333778668448
Visa_Fvencimiento_delta1	0.000263503057015051	0.000720010055172285	0.000445335114673792
matm_rank	0.000257929323435584	0.000636987083695201	0.00128033845468715
vm_mpagospesos_rank_lag1	0.000250848439719875	0.00105137868605315	0.0011690046760187
Visa_delinquency_delta1	0.000248450859121491	0.000312269333615226	0.000389668225339568
vmr_mconsumosdolares_lag1	0.000247933460810225	0.00120292791598665	0.000946337118681808
Master_delinquency_delta1	0.000242503417934626	4.93723578310774e-05	0.000222667557336896
ctarjeta_debito_transacciones_delta1	0.00024192940912121	0.00360527265613655	0.000612335782676464
Master_mconsumosdolares_rank	0.000239842250747364	0.000384095167722757	0.0013916722333556
Visa_mpagado_rank_lag1	0.00023600719754744	0.000530291927271547	0.00083500334001336
ctarjeta_visa_transacciones_lag1	0.000232766149004492	0.000452622767314317	0.000668002672010688
cprestamos_personales_lag1	0.000232030278887591	0.00159890228409823	0.000334001336005344
mextraccion_autoservicio_rank_delta1	0.000229810008732031	0.00166546991046305	0.000946337118681808
Master_mconsumototal_rank_delta1	0.000227364069249126	0.00131879777797326	0.0011690046760187
mprestamos_prendarios_rank_lag1	0.000227007138590422	0.00174586540659003	0.000222667557336896
Visa_madelantopesos_rank	0.000222258467358888	0.000753904563824903	0.000779336450679136
ctarjeta_debito_transacciones_lag1	0.000220827737485976	0.00108995605546902	0.00100200400801603
vm_mconsumototal_rank_lag1	0.000214662344891569	0.000426764915254287	0.000890670229347584
minversion2_rank	0.000214213101952554	0.00262528201935973	0.00027833444667112
mtarjeta_master_consumo_rank	0.000213389847641266	0.000824775892886917	0.000445335114673792
Visa_mpagado_rank	0.000209294195964527	0.00159068304153447	0.00100200400801603
mtarjeta_master_consumo_rank_lag1	0.000203400502665373	0.00120071044481105	0.000501002004008016
vm_mconsumosdolares_rank	0.000189845979417003	0.00113530749852887	0.00105767089735026
ccomisiones_mantenimiento	0.000186717201271538	0.00365622927776156	0.000389668225339568
vm_status02_delta1	0.000185719123199724	0.000283844932059063	0.000612335782676464
Master_mpagado_rank_lag1	0.000178866886138196	0.00105090085875819	0.000723669561344912
vmr_mconsumospesos_delta1	0.000173476882190932	0.000725474414546667	0.0011690046760187
mtarjeta_visa_descuentos_rank_delta1	0.000173034284002333	0.000703061747096929	0.000723669561344912
vmr_mpagado	0.000172466350381287	0.00131547636097826	0.00055666889334224
minversion2_rank_lag1	0.000167988896316503	0.00216893223746283	0.000334001336005344
Master_mconsumosdolares_rank_lag1	0.000166741602693122	0.000342563852343065	0.00150300601202405
Visa_mpagosdolares_rank_delta1	0.000164444092360519	0.000471117595808662	0.000946337118681808
Visa_mpagado_rank_delta1	0.000162931203485391	0.000780944339133787	0.000334001336005344
vmr_Visa_mlimitecompra_delta1	0.000156703263582036	0.00119519167366772	0.000334001336005344
mcheques_emitidos_rank_delta1	0.000152832992878987	0.00297046894046598	0.000334001336005344
matm_other_rank_lag1	0.000152033362540169	0.000406729122472288	0.000501002004008016
vm_Fvencimiento_delta1	0.000150613433724758	9.22298642836445e-05	0.000334001336005344
Master_mpagosdolares_rank_delta1	0.00014729984356076	0.000172558112062376	0.000668002672010688
matm_rank_delta1	0.000145924897214636	0.000718183045916154	0.000501002004008016
Visa_status_lag1	0.000145326748279913	0.000361573676735112	0.000222667557336896
Master_fechaalta_delta1	0.000143137931522367	0.000332148596766116	0.00083500334001336
cseguro_accidentes_personales	0.000139826457120021	0.000840018660232608	0.00055666889334224
Master_status_lag1	0.00013973196123014	0.000843302717034133	0.000111333778668448
cinversion1	0.000139346985409891	0.00266343884711063	0.00027833444667112
Visa_msaldodolares_rank_delta1	0.000138449363050829	0.000874090773497269	0.000389668225339568
vm_mconsumosdolares_rank_lag1	0.000134552631098703	0.00108061313324008	0.000501002004008016
mcheques_depositados_rank_delta1	0.000134471593768724	0.00241214269037626	0.00027833444667112
cmobile_app_trx_delta1	0.000130491298974004	0.00287419210507105	0.000501002004008016
ccajeros_propios_descuentos_delta1	0.000130422890328556	1.23277143012253e-05	5.5666889334224e-05
minversion1_pesos_rank	0.000129341790375138	0.00108946481682255	0.000222667557336896
ccallcenter_transacciones_delta1	0.000126763478060567	0.00130427749929209	0.00027833444667112
ctarjeta_visa_transacciones_delta1	0.00012462293846164	0.00283125547164461	0.000389668225339568
Master_mconsumosdolares_rank_delta1	0.000124620683079065	0.000242639129339413	0.000890670229347584
mtarjeta_master_consumo_rank_delta1	0.000120021467092468	0.00195170302104326	0.000389668225339568
ctarjeta_visa_descuentos_delta1	0.000118881644204562	6.91150167873757e-05	0.000111333778668448
vmr_mconsumosdolares	0.000111292206421906	0.00125050468544226	0.000501002004008016
Master_mpagado_rank_delta1	0.000110463616096092	0.00181121317474032	0.000501002004008016
vm_status05_lag1	0.000110331476386511	4.41227716714732e-05	0.000222667557336896
ctransferencias_emitidas_lag1	0.000109646594821712	3.45438096560816e-05	0.000111333778668448
mv_status07_rank_lag1	0.000108028824558944	0.000828684535486993	0.000501002004008016
Visa_msaldodolares_rank	0.000106023799472743	0.000577327069717186	0.000389668225339568
Master_delinquency_lag1	0.000104519978317769	0.00094818695782346	0.000445335114673792
Visa_madelantodolares_rank	0.000101632482476292	9.13989352626882e-05	0.000389668225339568
ccajas_depositos	9.95749060228578e-05	0.0021307510776885	0.000222667557336896
mtarjeta_master_descuentos_rank_delta1	9.88063629275833e-05	0.000213939986668182	0.000334001336005344
Master_mpagado_rank	9.7443763641054e-05	0.000359774639726401	0.000445335114673792
mcheques_depositados_rank	9.74270769781041e-05	0.000987653308253217	0.000111333778668448
Visa_Finiciomora_delta1	9.5191220585551e-05	0.00161385938965692	0.000222667557336896
mcheques_emitidos_rank_lag1	9.34977062519272e-05	0.00146128974746481	0.000222667557336896
ctarjeta_visa_lag1	9.06249356517463e-05	0.00252482352456628	0.00027833444667112
vm_mconsumosdolares_rank_delta1	8.62059793897186e-05	0.00039759829118782	0.00027833444667112
Master_madelantodolares_rank_lag1	8.61903146273105e-05	0.000148505619505337	0.000779336450679136
Master_madelantodolares_rank	8.61269374343324e-05	0.000157794321556065	0.000779336450679136
Visa_cadelantosefectivo_lag1	8.57722414173855e-05	0.000133017616017883	0.00055666889334224
Visa_cadelantosefectivo_delta1	8.56608982514291e-05	0.000109199630521404	0.000501002004008016
vmr_Master_mlimitecompra_delta1	8.46716687958496e-05	0.00118836606211582	0.000334001336005344
vmr_msaldodolares2_delta1	8.41518264525533e-05	0.00161098878566315	0.000334001336005344
cseguro_auto	8.33385541962348e-05	0.00266343884711063	0.00027833444667112
mcheques_emitidos_rechazados_rank_lag1	7.94620246628534e-05	0.00307526255883729	0.000334001336005344
mtarjeta_visa_descuentos_rank	7.90068865247085e-05	0.00117154707778709	0.000334001336005344
matm_other_rank_delta1	7.86273780691922e-05	0.00195123630601097	0.000334001336005344
mv_status07_rank	7.82093690037273e-05	0.000225451716025839	0.000445335114673792
ccajas_extracciones	7.6086653501662e-05	0.000436922481291649	0.000111333778668448
mprestamos_hipotecarios_rank_lag1	7.52870141912187e-05	0.00195078702573563	0.000222667557336896
Master_madelantodolares_rank_delta1	7.43692943043323e-05	7.28562090844046e-05	0.000389668225339568
ccajas_depositos_lag1	7.3182463147063e-05	0.00106537553884425	0.000111333778668448
mforex_sell_rank_lag1	7.24918018928141e-05	0.000948261103438196	0.000167000668002672
mttarjeta_master_debitos_automaticos_rank_delta1	7.12320053804111e-05	0.00101060836907587	0.000167000668002672
vm_fechaalta_delta1	7.08254404645303e-05	4.10142119838974e-05	0.000222667557336896
Master_madelantopesos_rank	7.04885178889966e-05	0.000212153786238766	0.000612335782676464
mforex_buy_rank_delta1	6.9456369832287e-05	1.18190408978038e-05	5.5666889334224e-05
Visa_madelantodolares_rank_lag1	6.83867260840745e-05	9.95629996945515e-05	0.000222667557336896
Visa_madelantopesos_rank_lag1	6.54679248588837e-05	0.000127415502904495	0.000445335114673792
Master_madelantopesos_rank_lag1	6.50778843754313e-05	0.000150875788497325	0.000612335782676464
cpagomiscuentas_delta1	6.4656713851077e-05	0.000970442712460617	0.000111333778668448
vm_mpagado_rank_delta1	6.32042087826314e-05	0.00170428466080052	0.000334001336005344
ctransferencias_recibidas	6.29137479169669e-05	0.0025109998698003	0.00027833444667112
ccajas_depositos_delta1	6.11915630714547e-05	0.00105607189271613	0.000111333778668448
vm_mpagado_rank	6.10802453835133e-05	0.000705392831578823	0.00027833444667112
vm_cconsumos	5.95498720716621e-05	0.000373013559566862	0.000334001336005344
mv_status07_rank_delta1	5.76752667362815e-05	0.000262604608321391	0.000167000668002672
vmr_msaldodolares2	5.64911893424002e-05	0.000938277693379632	0.00027833444667112
vmr_msaldodolares2_lag1	5.50263124022074e-05	0.000743037728883786	0.00027833444667112
Master_msaldodolares_rank	5.40195917110949e-05	0.000124507347126516	0.000222667557336896
catm_trx_lag1	5.40177003802663e-05	3.34289431647408e-05	5.5666889334224e-05
mcajeros_propios_descuentos_rank_delta1	5.24848465541094e-05	0.000159944544383409	0.000167000668002672
cinversion1_lag1	5.24136297898387e-05	0.0010370053574663	0.000111333778668448
ctarjeta_visa_descuentos	5.20526373678113e-05	0.000110353006750631	0.000167000668002672
Master_Finiciomora_delta1	5.09028736383412e-05	0.000757395730211775	0.000111333778668448
vmr_msaldodolares_lag1	5.08695760105328e-05	0.000330834475909593	0.000222667557336896
vmr_mpagado_delta1	4.98778682134631e-05	0.000325342335878527	0.000167000668002672
cforex_buy	4.96227073303029e-05	0.00159806330826638	0.000167000668002672
cseguro_vida_lag1	4.93365567700283e-05	0.00130765390282824	0.000167000668002672
mttarjeta_master_debitos_automaticos_rank	4.78062357459328e-05	0.00167567269191405	0.000222667557336896
ctarjeta_debito_transacciones	4.67220876929499e-05	0.000299626644144425	0.000389668225339568
ctarjeta_master_descuentos_delta1	4.58001168924038e-05	0.000448953996315402	0.000167000668002672
vm_mpagosdolares_rank	4.46255735329367e-05	0.000327200382833849	0.000167000668002672
ccajas_consultas_lag1	4.42741852361489e-05	0.000995953210516729	0.000111333778668448
vm_mpagado_rank_lag1	4.35616884469271e-05	4.81844952694151e-05	0.000111333778668448
vmr_mpagado_lag1	4.3545016362869e-05	7.65286203072985e-05	0.000111333778668448
cseguro_vida	4.31892106619104e-05	0.00102353154738381	0.000111333778668448
vmr_mconsumosdolares_delta1	4.27561760860542e-05	0.000138736982661551	0.000111333778668448
vm_status02_lag1	4.20494856207964e-05	2.34537715078141e-05	0.000111333778668448
vm_msaldodolares_rank_lag1	4.18314224096265e-05	8.22658048893914e-05	0.000111333778668448
mcheques_depositados_rank_lag1	4.13595754598309e-05	0.000458821877160308	5.5666889334224e-05
Master_cadelantosefectivo_delta1	3.90772009080101e-05	4.69958663448099e-05	0.000167000668002672
ccajas_otras_lag1	3.76207626228145e-05	0.000482872645400725	5.5666889334224e-05
vm_status03_lag1	3.64868046548024e-05	0.000177865941805649	0.000111333778668448
Master_cadelantosefectivo_lag1	3.61153049966379e-05	0.000104564667442093	0.000612335782676464
Visa_madelantodolares_rank_delta1	3.48441251728626e-05	3.10524516784733e-05	0.000222667557336896
vmr_msaldodolares	3.44582713160839e-05	8.66681768155004e-05	0.000111333778668448
Master_msaldodolares_rank_lag1	3.43356807805352e-05	3.56910549817644e-05	5.5666889334224e-05
Master_msaldodolares_rank_delta1	3.34720575182609e-05	7.40065198618594e-05	0.000111333778668448
vm_cconsumos_delta1	3.3135562120023e-05	1.53318570378163e-05	5.5666889334224e-05
Visa_madelantopesos_rank_delta1	3.25838294325078e-05	8.5443337241838e-05	0.000222667557336896
matm_other_rank	3.24783629441812e-05	6.51533035534963e-05	0.000167000668002672
vm_msaldodolares_rank_delta1	3.19545732082656e-05	0.000191128235715872	5.5666889334224e-05
ccallcenter_transacciones_lag1	3.18317572606229e-05	0.000963775929628655	0.000111333778668448
ctransferencias_recibidas_delta1	3.12883335600783e-05	0.000851297606846327	0.000111333778668448
minversion2_rank_delta1	3.03383595225445e-05	1.33372058879024e-05	5.5666889334224e-05
mforex_sell_rank	2.75599491164064e-05	0.000607319833036215	0.000167000668002672
mtarjeta_visa_descuentos_rank_lag1	2.72886381856545e-05	4.48580969152893e-05	0.000222667557336896
ctarjeta_visa_debitos_automaticos	2.70360162725483e-05	0.00103542626662224	0.000111333778668448
ctarjeta_debito	2.65700277942908e-05	0.00105232667701365	0.000111333778668448
ccajas_otras	2.59334214255675e-05	0.000532687769422125	5.5666889334224e-05
mcaja_ahorro_adicional_rank_delta1	2.57646113176668e-05	0.000951816835903017	0.000111333778668448
ccajas_extracciones_delta1	2.55406997280377e-05	0.00159806330826638	0.000167000668002672
ccheques_emitidos_rechazados_lag1	2.49541213867476e-05	0.000507756641750928	5.5666889334224e-05
mprestamos_hipotecarios_rank_delta1	2.47053875518998e-05	0.000527495660483247	5.5666889334224e-05
cpayroll_trx	2.41420569355299e-05	0.00106537553884425	0.000111333778668448
cpayroll_trx_delta1	2.40976092592401e-05	0.000532687769422125	5.5666889334224e-05
cextraccion_autoservicio_lag1	2.4061727242523e-05	0.00105833055589991	0.000111333778668448
vmr_mpagosdolares_delta1	2.24866664035781e-05	0.000886596858773479	0.000111333778668448
cseguro_vivienda	2.13352098404964e-05	0.000532687769422125	5.5666889334224e-05
ctarjeta_master	2.13004229228331e-05	0.000331925010377493	0.000111333778668448
cforex_buy_delta1	2.00607949052152e-05	0.000532687769422125	5.5666889334224e-05
ccajas_extracciones_lag1	1.96180098544763e-05	0.00104805324565271	0.000111333778668448
cliente_vip	1.87021565914026e-05	0.000126487820561984	5.5666889334224e-05
cseguro_accidentes_personales_lag1	1.86526965800174e-05	0.000503852980509981	0.000111333778668448
vm_mpagosdolares_rank_lag1	1.83947528107313e-05	2.83035078019039e-05	5.5666889334224e-05
cprestamos_hipotecarios_lag1	1.79387519947091e-05	0.000532687769422125	5.5666889334224e-05
cseguro_vivienda_lag1	1.70047810943973e-05	0.000466638970769724	5.5666889334224e-05
ctarjeta_master_descuentos_lag1	1.68449841058975e-05	4.14221086603133e-05	0.000111333778668448
ctarjeta_visa_debitos_automaticos_lag1	1.65510063629852e-05	0.00104766661554796	0.000111333778668448
cextraccion_autoservicio_delta1	1.6303759575086e-05	0.000196887644823313	5.5666889334224e-05
vmr_mpagosdolares_lag1	1.60326426557384e-05	1.10492293215523e-05	5.5666889334224e-05
vm_msaldodolares_rank	1.59505982607826e-05	0.00040191674637167	5.5666889334224e-05
vm_status06_lag1	1.58148851807483e-05	3.58751736788221e-05	0.000222667557336896
mcheques_emitidos_rank	1.53489991752773e-05	0.000532687769422125	5.5666889334224e-05
ctransferencias_emitidas	1.52114989193807e-05	0.00106537553884425	0.000111333778668448
vm_status04_lag1	1.28635172852526e-05	3.52670646835453e-05	0.000222667557336896
cplazo_fijo_delta1	1.18916643637607e-05	0.000458350563950358	5.5666889334224e-05
ctarjeta_master_descuentos	1.17391074771464e-05	0.000407397007777119	5.5666889334224e-05
catm_trx_delta1	1.10461312631211e-05	4.42520954181058e-05	5.5666889334224e-05
cpagomiscuentas	1.04698803843872e-05	0.000532687769422125	5.5666889334224e-05
cplazo_fijo	1.03155830024001e-05	0.000532687769422125	5.5666889334224e-05
Master_Finiciomora_lag1	9.84877474185043e-06	0.000488558675256372	5.5666889334224e-05
mtarjeta_master_descuentos_rank	9.5800207244038e-06	1.09900277842049e-05	5.5666889334224e-05
minversion1_dolares_rank_lag1	9.4321133827735e-06	0.000532687769422125	5.5666889334224e-05
cseguro_vida_delta1	9.23623139452671e-06	0.000532687769422125	5.5666889334224e-05
mprestamos_prendarios_rank_delta1	9.04459410665728e-06	0.000532687769422125	5.5666889334224e-05
vmr_msaldodolares_delta1	9.02414552893445e-06	6.56129297285653e-05	5.5666889334224e-05
ctarjeta_visa_delta1	8.83058607027327e-06	0.000105721683895299	5.5666889334224e-05
cpagomiscuentas_lag1	7.97485559564908e-06	0.000380303395471489	5.5666889334224e-05
ctarjeta_debito_lag1	7.46577303511914e-06	0.000532687769422125	5.5666889334224e-05
mcaja_ahorro_adicional_rank	6.86145218268759e-06	0.000532687769422125	5.5666889334224e-05
vm_mpagosdolares_rank_delta1	6.60008237386309e-06	0.000532687769422125	5.5666889334224e-05
mplazo_fijo_pesos_rank_lag1	6.50015977192812e-06	0.000518058475612311	5.5666889334224e-05
active_quarter_delta1	6.18693340622128e-06	0.000441363171364909	5.5666889334224e-05
