Feature	Gain	Cover	Frequency
mcaja_ahorro_rank	0.0772355306117933	0.0140770141635235	0.00652537025351694
ctrx_quarter_normalizado	0.0609796788929169	0.00946726195454018	0.00517055788575034
ctrx_quarter	0.053158690083645	0.0088241887726834	0.00484763000631009
vm_status01	0.0502413061587365	0.00634076686100114	0.00280242010318845
cdescubierto_preacordado	0.0426983569688871	0.0103435181458079	0.00968783638320775
mpayroll_rank	0.0346022055412192	0.0106390755909913	0.0025574403325786
mcuentas_saldo_rank	0.0327484064045623	0.0156937168705339	0.0103151330685572
mprestamos_personales_rank	0.0304682608011747	0.0183878965090636	0.00719349690063472
mtarjeta_visa_consumo_rank	0.0270143699069562	0.00517872061122595	0.00442819494450837
mcuenta_corriente_rank	0.0262074537147114	0.0172419677078987	0.0137485616718013
ctarjeta_visa_transacciones	0.0258715317745212	0.00996280932311649	0.00380461007386511
mpasivos_margen_rank	0.0245489128930808	0.0112140806236373	0.0169295868750232
foto_mes	0.0171637180504177	0.0193365102289274	0.0115734382539624
mpayroll_sobre_edad_rank	0.0169370412037653	0.0100244055463716	0.00272076017965183
Visa_mpagospesos_rank	0.0136892817240555	0.00857288984228136	0.0184699899781003
mrentabilidad_annual_rank	0.0135097232917692	0.0223200055330848	0.0278163394083367
mactivos_margen_rank	0.0112896618072731	0.0176636616353068	0.020481793548866
active_quarter	0.010525285045641	0.00257927981914161	0.0042500278386103
ctarjeta_visa	0.010467239344671	0.00227150139327289	0.000311792435321629
mautoservicio_rank	0.0103048799225457	0.00903213195775476	0.00664786013882187
vm_Finiciomora	0.0100004285937132	0.0102753778148493	0.00253145762963513
Master_fechaalta	0.00969141124278784	0.0168439812794055	0.0253665417022382
Visa_Finiciomora	0.00941198831202511	0.0119142070473108	0.00216769978842656
thomebanking	0.00909180862309456	0.00895197366825311	0.0249248357521993
mcomisiones_rank	0.00891334303011974	0.0095789348653789	0.0224416317137449
Visa_delinquency	0.00877119481594918	0.00349083046536297	0.00279499647377603
Master_Fvencimiento	0.00831526963635161	0.0137040236947301	0.0266731004788241
mrentabilidad_rank	0.00784704944933089	0.0122462570981142	0.0215136780371924
mcomisiones_otras_rank	0.00777079960542329	0.0106601053402502	0.0227237296314168
vmr_mpagospesos	0.00743224046205468	0.00492064133839785	0.00678890909765785
vm_msaldopesos_rank	0.00739635986037862	0.00385731694693768	0.0042129096915482
mtransferencias_recibidas_rank	0.00729880175185919	0.0121185912955985	0.0176905088897962
Visa_Fvencimiento	0.00718490674811243	0.0101066654975167	0.0171300248691585
vm_mpagominimo_rank	0.00706247461258391	0.00652663786670622	0.00763149103596749
mcomisiones_mantenimiento_rank	0.00690471202720754	0.0160602551418785	0.0117107753980921
vm_mpagospesos_rank	0.00686252163460498	0.00353298817711047	0.00407928436212464
vm_mconsumototal_rank	0.00662043217531234	0.00280214878075664	0.00324412605322742
Visa_fechaalta	0.00658793449660907	0.0115581716203044	0.016023904086708
tcallcenter	0.0063467272559352	0.00880440269991333	0.00815485690954307
chomebanking_transacciones	0.00632324847672296	0.0125054003248311	0.0185590735310493
vm_fechaalta	0.00617139587454799	0.0103771322432367	0.0146728035336476
Visa_mpagominimo_rank	0.00610312603997589	0.0102824822823986	0.0128725734011358
Master_mfinanciacion_limite_rank	0.00610026270210931	0.00988133507780893	0.0211128020489217
vmr_msaldototal	0.00609446031907674	0.00406946952410476	0.0056790765005011
Master_mlimitecompra_rank	0.00596120645293658	0.0100877240038832	0.0207601796518318
cpayroll_trx	0.00558272077488638	0.00386430907322663	0.00028580973237816
cliente_edad	0.00540095604047526	0.0145217748719479	0.0109387179392005
Master_status	0.00520463871585601	0.0024905564695952	0.00197097360899744
vm_status06	0.00505172959733257	0.00138161338915343	0.00141048958835975
Visa_msaldototal_rank	0.00504388827083617	0.00558601754851965	0.00881555992724843
vm_Fvencimiento	0.00501867458812626	0.00860092978765849	0.0146728035336476
cmobile_app_trx	0.00501634043873299	0.0137100727944865	0.0148509706395457
Visa_mlimitecompra_rank	0.00494357472605177	0.00870767761627385	0.0141271667718348
vm_status02	0.00493748358959488	0.00528589891547158	0.00264281207082143
Visa_msaldopesos_rank	0.00482808631485838	0.00650916787381288	0.00860027467428826
Visa_mfinanciacion_limite_rank	0.00477476560105168	0.00901950479618805	0.0142014030659589
Visa_mconsumospesos_rank	0.00469075320742392	0.00767310448921503	0.0173081919750566
Visa_mconsumototal_rank	0.00463420390755344	0.0076364934149844	0.0168442151367804
vmr_Master_mlimitecompra	0.0044096089380634	0.00901656563893715	0.0135184291600163
Visa_status	0.00424494157781587	0.00426101960785721	0.00238298504138673
vm_msaldototal_rank	0.00422492280883662	0.00326431264712273	0.00422775695037304
numero_de_cliente	0.00420249312408607	0.0105302279740625	0.0114732192568947
mcuenta_debitos_automaticos_rank	0.0040120365372861	0.008809506782724	0.00604283434170966
Visa_mconsumosdolares_rank	0.00379240836746707	0.00630199505668946	0.014238521213021
Master_fultimo_cierre	0.00376878454379074	0.00729514054383917	0.0106566200215285
Visa_cconsumos	0.00376583869022393	0.00619639483785722	0.0116216918451431
ccajas_transacciones	0.00376266983264796	0.01127052739437	0.00842210756839019
vmr_mpagominimo	0.00369488500386805	0.00536556662667111	0.00861141011840689
mtransferencias_emitidas_rank	0.0036945941546987	0.0122272615706176	0.0097435136038009
mextraccion_autoservicio_rank	0.00364364201728189	0.00361263243265689	0.00479195278571694
cliente_antiguedad	0.00349232332777242	0.00881935148329144	0.00935006124494265
ccaja_seguridad	0.00338815516744489	0.00835684764655226	0.000601313982405998
internet	0.00337467569561338	0.00440364207734824	0.000504806800044542
Master_delinquency	0.00315320036149113	0.00251210819494812	0.00226049515608181
Master_mpagominimo_rank	0.00304744151864555	0.00650066504345012	0.00923128317434394
ccomisiones_otras	0.00293177913876276	0.00501567265849445	0.00597602167699789
mttarjeta_visa_debitos_automaticos_rank	0.00291985613941315	0.00813030922168167	0.00870791730076835
ccaja_ahorro	0.00289380830605833	0.00747525078650195	0.000586466723581159
vmr_Visa_mlimitecompra	0.0028781170319009	0.00542916756674052	0.00844066664192124
ctarjeta_debito_transacciones	0.00286179943163934	0.00450297596819579	0.0015812330648454
mpagomiscuentas_rank	0.00280709056251949	0.00774280290388614	0.00546750306224713
Master_mpagospesos_rank	0.00274843660403122	0.00780064751055822	0.00893804981255336
Master_msaldototal_rank	0.00270021894578478	0.00665995591571935	0.00821053413013622
Master_msaldopesos_rank	0.00267296346165991	0.00476518164069642	0.00788760625069597
vm_mfinanciacion_limite_rank	0.00265224215043138	0.0047062691968784	0.00795070710070153
matm_rank	0.00262337925382567	0.00302993925355964	0.00405701347388738
vm_status04	0.00260821284727029	0.000897581224172872	0.00117664526186853
mcaja_ahorro_dolares_rank	0.00254585598546795	0.0107950406780104	0.00713039605062915
Visa_msaldodolares_rank	0.002537812494031	0.00286539700790597	0.00162577484131992
vm_mlimitecompra_rank	0.00251940645211963	0.00446035285101846	0.00777253999480346
vmr_msaldopesos	0.00251078154090017	0.00387710157568251	0.00589064993875506
vm_fultimo_cierre	0.00232701296440686	0.0074855744936558	0.00654392932704799
mplazo_fijo_dolares_rank	0.00226619945581039	0.00889540296503049	0.00118035707657474
Master_mconsumospesos_rank	0.00225572228858596	0.00468849824180711	0.007976689803645
Master_mconsumototal_rank	0.00220863028953815	0.00482831288228802	0.00783564084480903
Visa_fultimo_cierre	0.00211688296590229	0.00466598454196891	0.00580527820051223
vmr_mconsumospesos	0.00198738159329284	0.00426868330344877	0.00520767603281244
vmr_msaldopesos2	0.00197572791585859	0.0041512613573943	0.00617274785642701
vmr_mconsumototal	0.00181084045539531	0.00460747478605235	0.00533387773282358
Master_Finiciomora	0.001757703978315	0.00570054268238748	0.000898259158902788
Visa_mpagosdolares_rank	0.00166657424816997	0.00308527592013755	0.00628781411231951
vm_status05	0.00161281798119494	0.000514407391867239	0.00082402286477859
Master_cconsumos	0.00155236935196605	0.0034731698025973	0.0062061541887829
Master_mconsumosdolares_rank	0.00139998684509492	0.00225485496309485	0.00644742214468654
Master_mpagosdolares_rank	0.00139043989734173	0.00316331451719416	0.00618388330054564
vm_mconsumospesos_rank	0.0012646050201274	0.00273088457440047	0.00302141717085483
vm_cconsumos	0.00121972082272858	0.00212752694540055	0.00119520433539958
vmr_mconsumosdolares	0.00120755735602383	0.00378038999563035	0.00412382613859916
mprestamos_prendarios_rank	0.00114511050985929	0.00837006369722006	0.000671838461823986
mtarjeta_master_consumo_rank	0.00111653659786132	0.00377306568499626	0.00219739430607624
cextraccion_autoservicio	0.000961501195631667	0.00308294477556515	0.00027467428825953
ctransferencias_recibidas	0.000896602586140177	0.00334853050134525	0.00223080063843213
Visa_mpagado_rank	0.000826486845355468	0.00462294548698292	0.00236071415314947
cliente_vip	0.000825546483592686	0.00251362010888091	0.00124716974128652
ctarjeta_visa_debitos_automaticos	0.000824778240766051	0.00473807519909086	0.00229761330314391
cproductos	0.000821228475953915	0.00147415452676346	0.000237556141197431
vm_mconsumosdolares_rank	0.000784314783598754	0.00203684856131336	0.00298801083849894
Master_madelantodolares_rank	0.000629245826183523	0.000726684760133846	0.00318844883263428
vm_status03	0.000625442903623076	0.000854641162970757	0.00168145206191307
Master_mpagado_rank	0.000608639035093013	0.00271143495950968	0.00185961916781114
mv_status07_rank	0.000607587895958892	0.00139797911253449	0.00124345792658031
Master_cadelantosefectivo	0.000584386640047355	0.000697995744928352	0.00277272558553877
matm_other_rank	0.00051010567598713	0.00324549182716549	0.00158865669425782
Master_madelantopesos_rank	0.000507693155516133	0.000701079090050156	0.00238298504138673
Visa_madelantopesos_rank	0.000469723197383489	0.000571273398250008	0.00139564232953491
vmr_mpagado	0.000460230889874611	0.00368994618758811	0.00135852418247281
minversion1_pesos_rank	0.00042436329206008	0.00291678855851965	0.000244979770609851
Visa_cadelantosefectivo	0.000418970509194405	0.000654125790017758	0.00157380943543298
ccajas_consultas	0.000370523840131351	0.00389320959910105	0.00028580973237816
ccomisiones_mantenimiento	0.000365393753895196	0.00656208099771733	0.000501094985338332
Visa_madelantodolares_rank	0.000358638161251243	0.00032954790632401	0.00115437437363127
mttarjeta_master_debitos_automaticos_rank	0.000356636812951591	0.00297848990290893	0.00102074904420771
Master_msaldodolares_rank	0.000350388747205304	0.00100820998768502	0.000953936379495936
mcheques_emitidos_rank	0.000347945975230006	0.00512829183516557	0.000575331279462529
minversion2_rank	0.000341778645167976	0.0050356635681952	0.000430570505920344
vmr_msaldodolares2	0.000294198419233681	0.0023168977023686	0.000920530047140047
cprestamos_personales	0.000291595882129339	0.00100692695175165	0.000126201700011135
ccajas_depositos	0.000264261122226764	0.00425490076558483	0.000315504250027839
mtarjeta_visa_descuentos_rank	0.00026359609451714	0.00219430070161464	0.000861141011840689
mforex_buy_rank	0.000260848354328599	0.00383705783882068	0.000426858691214135
mcheques_depositados_rank	0.000258270466911796	0.00458619682056421	0.000449129579451394
mprestamos_hipotecarios_rank	0.000255615300732222	0.001378976599078	0.000100218997067666
mcheques_emitidos_rechazados_rank	0.000254358860627961	0.00399952704965542	0.000304368805909209
vm_mpagado_rank	0.000238678658638746	0.00289232519045067	0.000775769273597862
mforex_sell_rank	0.000219931883759934	0.00242815563157753	0.000575331279462529
vmr_mpagosdolares	0.000201212964162236	0.00280168120928897	0.000608737611818418
cseguro_accidentes_personales	0.000194978633202135	0.00137076007598846	0.000579043094168739
vmr_msaldodolares	0.000192861357266938	0.00272936756735165	0.000638432129468097
mcajeros_propios_descuentos_rank	0.000156474159808142	0.00115045703012933	0.000478824097101073
vm_msaldodolares_rank	0.000144948723152055	0.00202059074954769	0.000489959541219702
ccajas_otras	0.000138954588566847	0.00228547052261355	0.000178167105898074
vm_mpagosdolares_rank	0.00012947109580004	0.00211090305372446	0.000400875988270666
mcaja_ahorro_adicional_rank	0.000128824348250413	0.00290658597386069	0.000315504250027839
cprestamos_hipotecarios	0.000127149398479196	0.00087695314809499	6.31008500055677e-05
cinversion1	0.000123486997008182	0.00304354327868261	0.000218997067666382
ctarjeta_visa_descuentos	0.000122648428798504	0.00110738234284502	0.000304368805909209
ctransferencias_emitidas	0.000116445274132467	0.00535626944583323	0.000426858691214135
mtarjeta_master_descuentos_rank	0.00010810133935784	0.000481657680137318	0.000356334211796147
cplazo_fijo	0.000108075368631062	0.00331956206725717	0.000248691585316061
ccallcenter_transacciones	8.47175183105356e-05	0.00354976281331257	0.00028209791767195
ctarjeta_master_descuentos	7.8282630135369e-05	0.00133025592924356	0.000248691585316061
ctarjeta_debito	7.70653985813963e-05	0.00308114626165132	0.000241267955903641
cpagomiscuentas	6.86538938168093e-05	0.00370437557070101	0.000293233361790579
cforex_buy	5.42220451158639e-05	0.00175282134539365	0.000126201700011135
ccajas_extracciones	5.27137283134077e-05	0.00199720505360731	0.000144760773542185
ccajeros_propios_descuentos	4.93615372805995e-05	0.000189539259101662	0.000148472588248395
cseguro_vivienda	4.70122767624099e-05	0.00222944525113805	0.000170743476485654
cseguro_vida	4.24946801916372e-05	0.00215607901237516	0.000200437994135333
ccheques_emitidos	3.57922162787112e-05	0.000913726128776407	6.68126647117776e-05
ctarjeta_master_transacciones	2.56888165547493e-05	0.00100330631216005	0.000115066255892506
cseguro_auto	2.05618114630243e-05	0.00149597889969145	0.000107642626480086
catm_trx	1.7393157680833e-05	0.000942940632569726	8.53717382428269e-05
ctarjeta_master	1.41041787679195e-05	7.76302696512046e-05	4.08299617683085e-05
ccuenta_debitos_automaticos	1.4084959153906e-05	0.000814187420512025	6.31008500055677e-05
ccheques_emitidos_rechazados	1.33792777262531e-05	0.000202581480353583	1.48472588248395e-05
ccheques_depositados	4.41810184005097e-06	0.000254284179377269	1.85590735310493e-05
cprestamos_prendarios	2.98367242336446e-06	5.09006405760349e-05	3.71181470620987e-06
ctarjeta_master_debitos_automaticos	2.43173166478749e-06	6.67713364961385e-06	3.71181470620987e-06
cforex	1.24360101450725e-06	5.02451702033867e-05	3.71181470620987e-06
catm_trx_other	5.96815139727183e-07	4.27297994198795e-05	3.71181470620987e-06
