Feature	Gain	Cover	Frequency
ctrx_quarter_normalizado	0.0904640526281866	0.00757781559208628	0.0052619893428064
mcaja_ahorro_rank	0.0842566206610701	0.0104231541480321	0.00706039076376554
ctrx_quarter	0.0590350743569209	0.00570068010207823	0.00410746003552398
cdescubierto_preacordado	0.0454515710919933	0.00501981669325498	0.0066607460035524
mtarjeta_visa_consumo_rank	0.0346244654336046	0.00253900731988473	0.00293072824156306
mprestamos_personales_rank	0.0306114614251144	0.0109120566890004	0.0112788632326821
mpayroll_rank	0.0281685509990324	0.00808433658401021	0.00488454706927176
ctarjeta_visa_transacciones	0.026742012773772	0.00576542328972405	0.00426287744227353
mcuentas_saldo_rank	0.0237703281496875	0.010717238914443	0.00985790408525755
mcuenta_corriente_rank	0.0231521307749484	0.00746507935645042	0.0116785079928952
mpayroll_sobre_edad_rank	0.0215989148791673	0.00498444736349777	0.00335257548845471
ctrx_quarter_lag1	0.0204242937732814	0.00140100683774499	0.00266429840142096
vm_status06	0.0190017731767233	0.000331731731333702	0.00044404973357016
Visa_fultimo_cierre_lag1	0.017109038366258	0.000669327950857257	0.00208703374777975
mcaja_ahorro_rank_lag1	0.0161137901065947	0.00478865266709274	0.00550621669626998
mprestamos_personales_rank_delta1	0.0148736613688155	0.0198136181414759	0.0128552397868561
ctrx_quarter_normalizado_lag1	0.0147885297908825	0.00429760136569487	0.0036190053285968
mpasivos_margen_rank	0.0142694179717701	0.00290854547054612	0.00486234458259325
ctarjeta_visa	0.0131955386287858	0.000745018063923031	0.000710479573712256
vm_status01	0.0124735875919106	0.00180484707855363	0.0019538188277087
foto_mes	0.0121958626944659	0.0116458259506982	0.0149644760213144
cdescubierto_preacordado_delta1	0.0117228456322743	0.00919007310863496	0.00561722912966252
vm_Finiciomora	0.00948028443059908	0.00417954915035095	0.00270870337477797
mpayroll_sobre_edad_rank_lag1	0.00907064317727469	0.00244845750503833	0.00257548845470693
mpayroll_rank_lag1	0.00803314955275708	0.00197810708062506	0.0022202486678508
ctrx_quarter_delta1	0.0076371090039127	0.0040938302125508	0.00448490230905861
Visa_status_lag1	0.00709169544432459	0.000300371707911117	0.000244227353463588
vm_status05_delta1	0.00644214127014029	0.00224566799593957	0.0016651865008881
ccomisiones_mantenimiento_delta1	0.0063987086165588	0.00283131527916869	0.00157637655417407
mprestamos_personales_rank_lag1	0.00636015189809447	0.00755703911409145	0.00663854351687389
ctrx_quarter_normalizado_delta1	0.00630615283646969	0.00626351382915157	0.00546181172291297
active_quarter	0.00624462624654681	0.00253710548913446	0.00184280639431616
Visa_mpagospesos_rank	0.00606836498220018	0.000777686365349343	0.00319715808170515
cpayroll_trx	0.00554019587937673	0.00673851587048372	0.0025088809946714
Visa_Finiciomora	0.00531712808087589	0.00532629152080427	0.00290852575488455
vm_mpagospesos_rank	0.00517877940640928	0.000564639486315454	0.00159857904085258
vm_msaldototal_rank	0.00468270431273685	0.000608470513013257	0.00159857904085258
mcuentas_saldo_rank_delta1	0.00448502504788192	0.00475906417844037	0.00588365896980462
vm_Finiciomora_delta1	0.00446217929995262	0.00292967803892695	0.00208703374777975
tcallcenter	0.00433186302341259	0.00247419077771108	0.0052619893428064
internet	0.00416184803366775	0.0039762509963716	0.00270870337477797
Visa_Finiciomora_lag1	0.00415439053309268	0.00141416858851612	0.00117673179396092
thomebanking	0.00414301831885084	0.00304023864803745	0.00530639431616341
cproductos_delta1	0.00395431367280032	0.0058517324563937	0.00297513321492007
vm_Finiciomora_lag1	0.00390780685933528	0.00553145001437908	0.00301953818827709
mactivos_margen_rank	0.00384633114052884	0.0124945023294362	0.0101243339253996
Visa_delinquency	0.00376798333231459	0.000785076123405539	0.00199822380106572
vmr_mpagospesos	0.00367793537181862	0.00116632291748845	0.00244227353463588
mcuenta_corriente_rank_lag1	0.00366649846019543	0.00589311371694168	0.00792628774422735
Visa_msaldototal_rank	0.00366096594868856	0.00100935044015843	0.00275310834813499
ccaja_ahorro	0.00340685402552962	0.00408793830810617	0.00197602131438721
Master_status	0.00339969587513017	0.00137165613237922	0.001398756660746
internet_lag1	0.00330443086904749	0.0037025165410722	0.0025088809946714
Visa_msaldopesos_rank	0.00325959590565357	0.00195223592436329	0.00381882770870338
ctarjeta_debito_transacciones	0.00322075135495222	0.00225579225032998	0.00122113676731794
cpayroll_trx_lag1	0.00319159012952049	0.000345342411815102	0.000266429840142096
vm_msaldopesos_rank_lag1	0.00311674732900478	0.000980793086934362	0.00164298401420959
ccaja_seguridad	0.00307691849148388	0.00824138615236431	0.00301953818827709
vm_status02	0.00306781523099746	0.000979763258133595	0.00108792184724689
mrentabilidad_annual_rank_lag1	0.00274910655580906	0.00556522959105534	0.00914742451154529
mpayroll_rank_delta1	0.00268588759847728	0.00870834051429556	0.00432948490230906
Visa_mpagominimo_rank	0.00265732802992506	0.00460811115074024	0.00608348134991119
mextraccion_autoservicio_rank_lag1	0.00257395060453337	0.000247475941284145	0.00128774422735346
mrentabilidad_annual_rank_delta1	0.00255409400050788	0.00733696819516914	0.00936944937833037
mautoservicio_rank	0.00241078204706722	0.00282845889970184	0.00188721136767318
mcomisiones_mantenimiento_rank	0.00239293222464252	0.0101408673112571	0.00792628774422735
cliente_vip_lag1	0.00237108133611302	0.00251342483661324	0.0019316163410302
cprestamos_personales_delta1	0.00233984235401087	0.00408007417548786	0.00170959147424512
mcuenta_debitos_automaticos_rank	0.00225862558190699	0.00384402829088254	0.00286412078152753
ccaja_ahorro_delta1	0.00224805750963862	0.00422708948628787	0.0022202486678508
mrentabilidad_annual_rank	0.00223259555171056	0.0101289137095592	0.00985790408525755
vm_mpagominimo_rank	0.00193448042105637	0.0016971109167671	0.00224245115452931
Visa_fechaalta	0.00192806089071659	0.00413508807702902	0.00539520426287744
Visa_status	0.00190020468300345	0.0013802696961157	0.00157637655417407
vm_msaldopesos_rank	0.00188929211241723	0.000739764687719815	0.00184280639431616
mtarjeta_master_consumo_rank	0.00187420090753361	0.00218362397983816	0.00162078152753108
mplazo_fijo_dolares_rank	0.00184202541472865	0.00757913021984132	0.00310834813499112
Visa_Finiciomora_delta1	0.00177647256452539	0.00161891524226378	0.0011101243339254
cproductos	0.00170412435686983	0.00128146593810548	0.000843694493783304
mtransferencias_recibidas_rank	0.00170334981667126	0.00595980513207662	0.00659413854351687
cliente_vip_delta1	0.00168318490304254	0.00392622247485092	0.0047291296625222
mcaja_ahorro_dolares_rank_delta1	0.00158805411539887	0.00296232041411234	0.00308614564831261
ctarjeta_visa_transacciones_delta1	0.00158327452664442	0.00623985907994798	0.0030417406749556
vm_status04	0.001572077642188	0.000949725335458573	0.000910301953818828
Master_fechaalta_lag1	0.00156478266322761	0.00409969752030532	0.00586145648312611
mttarjeta_visa_debitos_automaticos_rank_delta1	0.00155700313464544	0.00393137987123913	0.00339698046181172
mextraccion_autoservicio_rank	0.00155217802872637	0.000290817922514267	0.00124333925399645
vm_status04_delta1	0.00152251806401885	0.000828603645744474	0.000621669626998224
Visa_mpagominimo_rank_lag1	0.00149968947242006	0.00201659292334342	0.00426287744227353
chomebanking_transacciones	0.00146884623188117	0.00468320397456321	0.00599467140319716
vm_mpagominimo_rank_lag1	0.00146355021268858	0.00286725092880399	0.0035968028419183
Master_fechaalta	0.00146232437158168	0.0056337572763313	0.006949378330373
cliente_edad_lag1	0.0014567725321497	0.00947405590209325	0.00768206039076377
Visa_delinquency_lag1	0.00144028424726582	0.000738649263354394	0.00179840142095915
ccaja_seguridad_lag1	0.00143272575758001	0.000645835154697128	0.000510657193605684
mcaja_ahorro_rank_delta1	0.00136023010152157	0.00511461898469573	0.00577264653641208
mrentabilidad_rank_delta1	0.00135352300466243	0.00142096736123425	0.00530639431616341
vm_fechaalta	0.00133608072170618	0.0068996986455546	0.0058392539964476
mactivos_margen_rank_lag1	0.00132979860686719	0.00942333404274489	0.00663854351687389
mcomisiones_mantenimiento_rank_delta1	0.00129853256576103	0.00368873666378772	0.00310834813499112
mpagomiscuentas_rank	0.001291666031973	0.0037268784508473	0.00242007104795737
mcuentas_saldo_rank_lag1	0.00127056300732946	0.00604155194511843	0.00550621669626998
cdescubierto_preacordado_lag1	0.00123629583192951	0.0025890983302938	0.00377442273534636
cliente_edad	0.0012255176816283	0.00513315021813364	0.00628330373001776
tcuentas_lag1	0.00119305691563579	0.00337414146708511	0.00217584369449378
mcomisiones_rank_delta1	0.00116950333146142	0.00128385873987979	0.00466252220248668
mactivos_margen_rank_delta1	0.0011459381190435	0.00225629328467831	0.00634991119005329
mtarjeta_visa_consumo_rank_lag1	0.00114316955479806	0.000349534944006256	0.000799289520426288
mtransferencias_emitidas_rank	0.00111410218365781	0.00383090775618674	0.0038854351687389
thomebanking_lag1	0.00109006516049103	0.000777277230470409	0.00357460035523979
active_quarter_lag1	0.0010850774369427	0.000553131948916614	0.000865896980461812
vmr_mpagominimo_lag1	0.0010841963497645	0.00232991523560198	0.00315275310834814
mrentabilidad_rank	0.00103126756127444	0.00200988036511877	0.0052619893428064
numero_de_cliente	0.00101571379990642	0.00528102093442123	0.00683836589698046
vm_fechaalta_lag1	0.00100841414916163	0.00253989190672041	0.00435168738898757
mpayroll_sobre_edad_rank_delta1	0.00100578718732361	0.00462687693528086	0.00239786856127886
mtransferencias_recibidas_rank_lag1	0.000975214903196291	0.00550888483206986	0.00672735346358792
mcomisiones_mantenimiento_rank_lag1	0.000971826142724991	0.00583898100958929	0.0052841918294849
vmr_mpagominimo	0.000956177268106436	0.0013954887204662	0.00230905861456483
mcomisiones_otras_rank_delta1	0.000947158514324843	0.00180847656889716	0.00437388987566608
mcomisiones_rank_lag1	0.000937512190745735	0.00267398336465234	0.00501776198934281
mcomisiones_rank	0.000928506808961648	0.000652808740424377	0.0038854351687389
mcuenta_corriente_rank_delta1	0.000904345475621245	0.00378508416835707	0.00344138543516874
mprestamos_prendarios_rank	0.000892207088573799	0.0072217438197961	0.00275310834813499
mpasivos_margen_rank_delta1	0.000854744461196999	0.00569688687067462	0.00603907637655417
Master_mpagospesos_rank	0.000853326395839649	0.000828819032976795	0.00162078152753108
mcaja_ahorro_dolares_rank	0.000848381917041886	0.00499862026058835	0.00428507992895204
tcallcenter_delta1	0.000825901107061864	0.00176293750494229	0.00148756660746004
Visa_fechaalta_lag1	0.000824646895304	0.00130349386726827	0.00384103019538188
mrentabilidad_rank_lag1	0.000807289746171092	0.00201041307945379	0.00508436944937833
Master_Finiciomora	0.000806487343933729	0.00258673205076597	0.00135435168738899
Master_delinquency	0.000794415054846123	0.000858640834874217	0.000932504440497336
ccaja_ahorro_lag1	0.000791612209544134	0.000893688803029692	0.00124333925399645
mcomisiones_otras_rank_lag1	0.000779438968956325	0.00140981738131196	0.00441829484902309
Visa_mlimitecompra_rank	0.000775148959405236	0.00135677291130312	0.00412966252220249
mpasivos_margen_rank_lag1	0.000761448478464522	0.00102749009795751	0.00419626998223801
chomebanking_transacciones_lag1	0.000759410308463812	0.00226299213477557	0.00406305506216696
mtarjeta_visa_consumo_rank_delta1	0.00074531772101046	0.00464463393460089	0.0027753108348135
Visa_mfinanciacion_limite_rank	0.00073372406372463	0.00308240042368477	0.00397424511545293
chomebanking_transacciones_delta1	0.000721455144775471	0.00476559197494807	0.00421847246891652
vmr_msaldototal_lag1	0.000721297823688103	0.000601911884680587	0.00162078152753108
cmobile_app_trx_lag1	0.000716930973935291	0.00709077478903411	0.005550621669627
ccajas_transacciones_delta1	0.000708963872963418	0.00219235053247077	0.00213143872113677
cliente_antiguedad_lag1	0.000706249680472903	0.00180666556022166	0.00415186500888099
cliente_antiguedad	0.000691451463411496	0.00290343508982557	0.00415186500888099
mcomisiones_otras_rank	0.000688708221002085	0.000813756918545963	0.00432948490230906
cplazo_fijo	0.000668856586455889	0.00587569307105502	0.00215364120781528
ccajas_consultas_delta1	0.000659305217110929	0.00298626321737737	0.00128774422735346
mtransferencias_emitidas_rank_delta1	0.000658100149366885	0.00328052751899509	0.0027753108348135
mtransferencias_emitidas_rank_lag1	0.000653781940400495	0.00256565899124582	0.00348579040852575
mttarjeta_visa_debitos_automaticos_rank	0.000631482748373753	0.00160620817494871	0.00348579040852575
Visa_mpagominimo_rank_delta1	0.000631136092751649	0.00542993560025619	0.00397424511545293
mcaja_ahorro_dolares_rank_lag1	0.000612688993211658	0.00592567382043946	0.00430728241563055
Visa_mpagospesos_rank_delta1	0.000606912389202901	0.00176701370143697	0.00381882770870338
Visa_Fvencimiento	0.000601800221151665	0.00123997643378238	0.00424067495559503
vm_cconsumos_lag1	0.000599205163905829	0.00227101258130801	0.00206483126110124
ccomisiones_otras_delta1	0.000597528465719845	0.00244571134074953	0.00204262877442274
Visa_mconsumototal_rank	0.000589874130454883	0.00198870488433915	0.00317495559502664
Visa_mfinanciacion_limite_rank_lag1	0.000589433160184954	0.00135531673223267	0.00397424511545293
Master_Fvencimiento_lag1	0.000588399346784426	0.000988887254767271	0.00421847246891652
Visa_mconsumospesos_rank	0.000584029414872531	0.00266925791181655	0.0033303730017762
Master_mlimitecompra_rank	0.000582891561558101	0.000829961988213439	0.0038854351687389
Master_mfinanciacion_limite_rank	0.000576213879580954	0.00151804394104029	0.00390763765541741
Visa_Fvencimiento_lag1	0.000574325941825985	0.0020492127420115	0.00406305506216696
vmr_msaldototal	0.000571674045606789	0.000779909145082124	0.00204262877442274
Visa_cconsumos_lag1	0.000559617590308932	0.00125031749664909	0.00266429840142096
Master_Fvencimiento	0.000556947602424815	0.00248078589992134	0.00435168738898757
vmr_mpagominimo_delta1	0.00055503397679377	0.00240524245006464	0.00284191829484902
Master_mfinanciacion_limite_rank_lag1	0.000551191707575896	0.000867303958763554	0.00350799289520426
Master_Fvencimiento_delta1	0.000539888015682707	0.000273895972800348	0.000821492007104796
mttarjeta_visa_debitos_automaticos_rank_lag1	0.000525567578138366	0.00136940389621886	0.00328596802841918
Visa_mlimitecompra_rank_lag1	0.000525496489657217	0.000536563407563773	0.0030639431616341
vm_Fvencimiento	0.000522040712087386	0.00239562188912418	0.00406305506216696
Visa_mconsumototal_rank_lag1	0.000516917546928994	0.000880216808452457	0.00315275310834814
vm_fultimo_cierre	0.000513087893189967	0.00490422187751642	0.00408525754884547
Visa_cconsumos	0.000504985346590165	0.000997288778071758	0.00230905861456483
vm_mfinanciacion_limite_rank	0.000503332853770437	0.000762452532553535	0.00197602131438721
Master_msaldopesos_rank	0.000503163093120493	0.00323505736244979	0.00246447602131439
vm_Fvencimiento_lag1	0.000502928119808197	0.00165689624536769	0.00377442273534636
Visa_msaldopesos_rank_lag1	0.000495056037397755	0.00301447268675324	0.00339698046181172
Visa_status_delta1	0.000491299002656985	0.00287513367513374	0.00177619893428064
vmr_msaldopesos_lag1	0.000485316950729953	0.000498834423109521	0.00153197158081705
Master_Finiciomora_delta1	0.000485205549380837	0.00283917746330736	0.00135435168738899
cmobile_app_trx	0.000484834906972688	0.00414617797500835	0.00330817051509769
ccomisiones_otras_lag1	0.000482228373375231	0.00135330111027112	0.00208703374777975
vmr_msaldopesos2	0.000482182315828309	0.00180017207987901	0.00279751332149201
cprestamos_personales_lag1	0.000478286280600629	0.00184476519135103	0.00153197158081705
Master_mpagominimo_rank	0.000476533607628184	0.00161033053894935	0.00188721136767318
vmr_Master_mlimitecompra	0.000473854011078955	0.0033975210451162	0.00339698046181172
vm_mpagospesos_rank_delta1	0.000470109788112582	0.00332798654602258	0.00279751332149201
ccomisiones_otras	0.000469359226374379	0.00149255379278069	0.00235346358792185
cmobile_app_trx_delta1	0.000464386844779258	0.00541412889152137	0.00437388987566608
ctarjeta_debito_delta1	0.000460738261693846	0.00663553090438758	0.00261989342806394
Master_mlimitecompra_rank_delta1	0.000460434170311738	0.00149976121898867	0.00357460035523979
vmr_msaldopesos	0.000451747582649436	0.000648324188442618	0.00190941385435169
vmr_Master_mlimitecompra_lag1	0.00043982381995409	0.00149903365668911	0.00319715808170515
Visa_mconsumospesos_rank_lag1	0.000434074657682178	0.000755425329251104	0.00273090586145648
Master_msaldototal_rank	0.000419008284620593	0.00356904515813327	0.00244227353463588
vm_mlimitecompra_rank_lag1	0.000416075103960968	0.00055330772470391	0.00210923623445826
Visa_msaldopesos_rank_delta1	0.000411322507190858	0.00138954558246855	0.00224245115452931
Master_mlimitecompra_rank_lag1	0.000407669252528163	0.00171312803838032	0.00310834813499112
vm_status01_lag1	0.000400369739633473	0.00236957406306681	0.00115452930728242
vmr_msaldopesos2_lag1	0.000396479274411117	0.00260696107475034	0.00290852575488455
Visa_msaldototal_rank_lag1	0.000391546169571516	0.00101201456199252	0.00235346358792185
Visa_mfinanciacion_limite_rank_delta1	0.000387277679422354	0.00239782940194586	0.00341918294849023
Master_mfinanciacion_limite_rank_delta1	0.000381626326637781	0.00214839225859049	0.00324156305506217
Master_mpagominimo_rank_lag1	0.000378916551397755	0.00193899680748861	0.00210923623445826
mtransferencias_recibidas_rank_delta1	0.00037876472169808	0.000722927118636183	0.00270870337477797
minversion2_rank	0.000378569396234749	0.00679292363439216	0.00261989342806394
Master_fultimo_cierre	0.000373277866987031	0.000586911961135375	0.00246447602131439
tcallcenter_lag1	0.000371103792907422	0.000806467426959984	0.00226465364120782
mautoservicio_rank_lag1	0.000359292280532199	0.00261536383591249	0.0024866785079929
Visa_mpagospesos_rank_lag1	0.000358214917478899	0.000697510370750991	0.00270870337477797
ccajas_transacciones	0.000356848614624397	0.000520558320677774	0.00226465364120782
mcuenta_debitos_automaticos_rank_delta1	0.000355839457005363	0.00210358417250537	0.00215364120781528
ccomisiones_mantenimiento_lag1	0.000340234139826784	0.00426713475457459	0.00204262877442274
Visa_mconsumosdolares_rank_lag1	0.000336165720696682	0.000674593980716523	0.00253108348134991
vm_mfinanciacion_limite_rank_lag1	0.000332834671034306	0.000906293128159229	0.00199822380106572
vm_mlimitecompra_rank	0.00032776908790601	0.00183746905201097	0.00215364120781528
mcheques_emitidos_rechazados_rank_lag1	0.000321566687617153	0.00228180899240619	0.000954706927175844
Visa_msaldototal_rank_delta1	0.000319766882753475	0.000692035922339548	0.0016651865008881
ctarjeta_debito_transacciones_delta1	0.000318410265276337	0.00680254160500086	0.00297513321492007
minversion1_pesos_rank	0.00031801593978313	0.00181344700293259	0.00066607460035524
mcheques_emitidos_rank_lag1	0.000306819255101654	0.00347388812878062	0.00162078152753108
mtarjeta_master_consumo_rank_delta1	0.000304564790600525	0.00283069396631803	0.00146536412078153
ccajas_consultas	0.000295471674398073	0.00469026664019518	0.00173179396092362
vmr_Visa_mlimitecompra	0.000294531917549237	0.000738164229462453	0.0019538188277087
vmr_mconsumospesos	0.000293303576832445	0.00196128613092664	0.00226465364120782
Visa_mlimitecompra_rank_delta1	0.000291838747570709	0.0003935938511294	0.00226465364120782
Visa_fultimo_cierre	0.000291681273555895	0.000648565433145996	0.00177619893428064
Master_fultimo_cierre_lag1	0.000291336519544345	0.00182086855559194	0.00228685612788632
mplazo_fijo_dolares_rank_delta1	0.000291221862936525	0.00165144884643838	0.000954706927175844
Visa_mconsumototal_rank_delta1	0.000289107036644671	0.000402528134615493	0.00204262877442274
vm_fultimo_cierre_lag1	0.00028497847183725	0.00169871774769906	0.00239786856127886
ctransferencias_recibidas	0.000284269151798292	0.00509191369523836	0.00261989342806394
vm_mlimitecompra_rank_delta1	0.000283900130827011	0.00193373417027625	0.00242007104795737
Visa_mconsumospesos_rank_delta1	0.00028304053173624	0.000560185147229842	0.00226465364120782
mcuenta_debitos_automaticos_rank_lag1	0.000277614195784178	0.00250744531935444	0.00226465364120782
vm_msaldototal_rank_lag1	0.00027156572405379	0.000501915450817834	0.00104351687388988
ccajas_transacciones_lag1	0.000270802841425041	0.000309807117438692	0.00202042628774423
Visa_mconsumosdolares_rank	0.000263251520151173	0.000313974456934197	0.00199822380106572
ctarjeta_debito_lag1	0.000257956190706103	0.00174642154961658	0.00153197158081705
mpagomiscuentas_rank_lag1	0.000254996832280663	0.00247446047021728	0.0022202486678508
vmr_mpagospesos_delta1	0.000254899313239494	0.00373852045626495	0.00239786856127886
vmr_Visa_mlimitecompra_lag1	0.000250013217974021	0.000762470252256662	0.00175399644760213
mautoservicio_rank_delta1	0.000244015588530836	0.000775585445825907	0.00157637655417407
vm_msaldopesos_rank_delta1	0.000240768312913298	0.00122419780607774	0.00155417406749556
Master_mconsumospesos_rank_lag1	0.000239804107845112	0.000428757558975805	0.00153197158081705
vmr_mconsumototal	0.000237487647832737	0.00150508173750813	0.00186500888099467
vm_status01_delta1	0.000236229451884096	0.000188515084757014	0.000421847246891652
cinversion1	0.00023344842425883	0.00296932295195479	0.00108792184724689
vm_fultimo_cierre_delta1	0.000231663383769725	0.000421017372586224	0.000865896980461812
cprestamos_personales	0.000226822811343587	0.000725881105471622	0.0005550621669627
Master_mconsumospesos_rank	0.000221731164440899	0.000381404162468384	0.00144316163410302
Master_fultimo_cierre_delta1	0.000217645933274159	0.000219436356410056	0.00088809946714032
ctarjeta_visa_delta1	0.000213375021677103	0.000849274722452145	0.000532859680284192
mextraccion_autoservicio_rank_delta1	0.000209684902221304	0.00150947450463696	0.00157637655417407
Visa_mconsumosdolares_rank_delta1	0.000208667775889346	0.00118667772156476	0.00182060390763766
cpagomiscuentas_delta1	0.000205167712982999	0.00300408144480484	0.00130994671403197
vmr_mconsumototal_lag1	0.000204146505824368	0.000662184709861126	0.00135435168738899
Master_mpagospesos_rank_delta1	0.00020344658949792	0.000239191028755606	0.00144316163410302
Master_mconsumototal_rank_lag1	0.000199857229140376	0.000492045438636196	0.001398756660746
vm_mpagominimo_rank_delta1	0.000199717129083583	0.00213197093060567	0.00179840142095915
ccajas_depositos	0.000198651046127775	0.00448226721745094	0.0016651865008881
mcheques_depositados_rank_lag1	0.00019809163992901	0.00180212894944844	0.00077708703374778
vm_mfinanciacion_limite_rank_delta1	0.00019617592558739	0.000439094770729807	0.00164298401420959
ccallcenter_transacciones_delta1	0.000196024048915959	0.00237900518593916	0.00108792184724689
mprestamos_prendarios_rank_lag1	0.000194105394987378	0.0006859908673948	0.000310834813499112
vm_msaldototal_rank_delta1	0.00019284711420791	0.000536932999767552	0.00126554174067496
Master_msaldototal_rank_delta1	0.000192331774599765	0.000612980051381057	0.00148756660746004
vmr_mconsumospesos_lag1	0.000191982403935578	0.000537586863689936	0.00133214920071048
vm_cconsumos	0.000190737180020352	0.00292383159136629	0.00150976909413854
Master_mpagospesos_rank_lag1	0.000189276672657267	0.000530277658074606	0.00150976909413854
vm_mconsumospesos_rank_lag1	0.000189060122504573	0.000158185990453114	0.00106571936056838
vmr_msaldototal_delta1	0.000188316879247695	0.000787822333540919	0.00119893428063943
Master_status_lag1	0.000184121641677026	0.00099824231816359	0.00044404973357016
ctarjeta_visa_debitos_automaticos_delta1	0.000183546235713355	0.00177631867744476	0.00113232682060391
Master_mconsumototal_rank_delta1	0.000179412369559175	0.00258884055789837	0.00170959147424512
Master_mconsumototal_rank	0.000178089812363045	0.000215395461781887	0.00115452930728242
Master_msaldopesos_rank_delta1	0.000177210268459723	0.000334059201731661	0.00128774422735346
cplazo_fijo_delta1	0.00017342803237749	0.000887832773533829	0.000355239786856128
Master_cconsumos_delta1	0.000172438285981796	0.00226240422115836	0.00126554174067496
Visa_mpagado_rank	0.000170805612260968	0.00224649185898018	0.00124333925399645
vmr_Visa_mlimitecompra_delta1	0.000170210378955557	0.00419976568114231	0.00168738898756661
vm_mconsumosdolares_rank_lag1	0.000170116518368045	0.00282666368517311	0.00184280639431616
vmr_mconsumospesos_delta1	0.000169769153240459	0.00207029325160087	0.00162078152753108
matm_rank	0.000169364352299973	0.000309709853919457	0.00106571936056838
mcheques_emitidos_rank_delta1	0.000169083986459759	0.00276751290918878	0.00106571936056838
vmr_msaldopesos_delta1	0.000168569660265188	0.000340364321400832	0.00115452930728242
ccajas_depositos_lag1	0.00016644778874834	0.00440703330077835	0.0016651865008881
Master_msaldototal_rank_lag1	0.000166172245424633	0.000282214513795236	0.00113232682060391
Visa_cconsumos_delta1	0.000165464698093137	0.000164899396839491	0.000976909413854352
cforex_buy_delta1	0.000159502688608666	0.00261846132254298	0.00099911190053286
vm_cconsumos_delta1	0.000156225254016871	0.000432922583219025	0.000377442273534636
vm_mconsumospesos_rank	0.000155676029754038	0.000564648265935503	0.00099911190053286
matm_other_rank_lag1	0.00015535505533918	0.000647464748456009	0.00102131438721137
ctarjeta_visa_debitos_automaticos_lag1	0.000154844454783619	0.00226903242167601	0.00148756660746004
vmr_mpagospesos_lag1	0.000153071630844802	0.000190500677208737	0.00104351687388988
Master_msaldopesos_rank_lag1	0.000152915376355961	0.000367022319589952	0.00099911190053286
vm_mconsumototal_rank	0.000152521432435788	0.000583459828286147	0.00088809946714032
vmr_mconsumosdolares	0.000152273376743729	0.000373197945594225	0.00102131438721137
vm_status05	0.000152175143226522	0.00016569598116507	0.000244227353463588
vmr_msaldopesos2_delta1	0.000151868372134702	0.00058409315294074	0.00124333925399645
Master_mpagominimo_rank_delta1	0.000151266829950782	0.00102361652042264	0.00130994671403197
ctransferencias_emitidas_delta1	0.00014985117982813	0.00248337884494015	0.00113232682060391
Visa_fultimo_cierre_delta1	0.000149410974982442	0.000280982662040185	0.000954706927175844
vmr_mpagado	0.000148366745615625	0.00269024404622122	0.001398756660746
Visa_fechaalta_delta1	0.000146261146581535	0.000415618433491858	0.000466252220248668
vm_status06_delta1	0.000145250950406195	0.00150028194444305	0.000799289520426288
vm_mpagospesos_rank_lag1	0.000144806525144045	0.000247863459500661	0.00099911190053286
ctransferencias_recibidas_delta1	0.00014322358183841	0.00163694796291526	0.00117673179396092
mv_status07_rank_delta1	0.000142594175378943	0.000274905216486745	0.00022202486678508
matm_rank_lag1	0.000140678775507848	0.00111047414972751	0.00128774422735346
vm_mpagado_rank_delta1	0.000139388691369854	0.0027491183902521	0.00115452930728242
vmr_mconsumototal_delta1	0.000139287862642391	0.00221794284983365	0.00150976909413854
ccheques_emitidos_rechazados_lag1	0.000139064453991931	0.000594986437862221	0.000244227353463588
mforex_buy_rank_delta1	0.00013766691649338	0.00237358352986446	0.00117673179396092
vm_mconsumototal_rank_lag1	0.00013665966019495	0.000302730262290241	0.000843694493783304
vm_fechaalta_delta1	0.000135242204103531	0.000352087314801863	0.000355239786856128
ccajas_extracciones	0.000135067106650193	0.00591537243778764	0.00217584369449378
Visa_mpagado_rank_lag1	0.00013301476149293	0.000209785834729639	0.000821492007104796
cproductos_lag1	0.000132819349044864	0.000179690030747507	0.000577264653641208
vmr_mconsumosdolares_lag1	0.000130401043412061	0.000320601671750381	0.000954706927175844
Master_mconsumosdolares_rank_lag1	0.000129234287100094	0.0013869593539737	0.00122113676731794
ctarjeta_visa_transacciones_lag1	0.000129113518696319	0.000275410170717648	0.000865896980461812
cprestamos_hipotecarios	0.000128965710259486	0.000666582703500054	0.000244227353463588
mttarjeta_master_debitos_automaticos_rank_lag1	0.000127483364798978	0.000394616711250024	0.000910301953818828
mcheques_depositados_rank	0.000127443518583398	0.00308982924302703	0.00126554174067496
mforex_buy_rank	0.000127243697086261	0.00191335754322792	0.000976909413854352
mforex_sell_rank_delta1	0.000126864750494064	0.000177433232852447	0.00022202486678508
ctarjeta_visa_lag1	0.00012560352296175	0.00301067503115468	0.00122113676731794
mv_status07_rank	0.000124804200853827	0.00360767640327975	0.00150976909413854
mcheques_emitidos_rank	0.000124343544654484	0.00229021824085939	0.00099911190053286
mprestamos_hipotecarios_rank_lag1	0.000116410155071993	0.00317959450827507	0.00117673179396092
mttarjeta_master_debitos_automaticos_rank_delta1	0.000116383979832877	0.0027642086315597	0.00113232682060391
mpagomiscuentas_rank_delta1	0.000114509486562693	0.000326952500459702	0.000732682060390764
ccheques_depositados_rechazados_delta1	0.000113482395756639	9.58055979950552e-07	2.2202486678508e-05
cseguro_vida_lag1	0.000110216885736372	0.00261891497445099	0.00117673179396092
vmr_mpagosdolares_lag1	0.000109791790801759	0.000401367001209922	0.00066607460035524
mtarjeta_visa_descuentos_rank_delta1	0.000109260025162089	0.000787368658709623	0.000976909413854352
Master_delinquency_lag1	0.000108758011449541	6.6326155432957e-05	0.00044404973357016
Master_fechaalta_delta1	0.000107911008286763	0.000161851264052248	0.000621669626998224
mforex_sell_rank_lag1	0.000106634798545248	0.00142945388409785	0.000732682060390764
ctarjeta_debito_transacciones_lag1	0.000106245350783144	0.000285830892016918	0.000621669626998224
vm_status03	0.000105744516127958	0.000101434228454667	0.000399644760213144
Visa_mpagosdolares_rank	0.000105614991633731	0.000394711980443034	0.00088809946714032
Master_mconsumospesos_rank_delta1	0.000104073956247562	0.000572747683201809	0.000799289520426288
vm_status02_delta1	0.000104045686623153	0.00101892038647469	0.00066607460035524
ctransferencias_recibidas_lag1	0.000102232205605348	0.00161187570623136	0.00108792184724689
cextraccion_autoservicio_delta1	9.99553596835761e-05	0.00200291196005505	0.00099911190053286
vm_mconsumosdolares_rank	9.97275797602723e-05	0.000187382834696773	0.00066607460035524
Master_cconsumos	9.91844892466836e-05	0.000311028768329717	0.000643872113676732
thomebanking_delta1	9.85071258664902e-05	0.00135575587369814	0.000910301953818828
matm_rank_delta1	9.84326507796895e-05	0.000227675605745025	0.00066607460035524
Master_mpagosdolares_rank	9.8426734243753e-05	0.00124239165453424	0.00088809946714032
vm_Fvencimiento_delta1	9.78615713124345e-05	5.71126662753367e-05	0.000199822380106572
Master_mpagosdolares_rank_lag1	9.615216802618e-05	0.000806442463497234	0.000754884547069272
Master_cconsumos_lag1	9.27261935802007e-05	0.000536446452938475	0.00077708703374778
mcaja_ahorro_adicional_rank_lag1	9.24964948150814e-05	0.00057010490295066	0.00033303730017762
vm_status02_lag1	9.20706885524484e-05	0.000234367074542925	0.000199822380106572
ctarjeta_visa_debitos_automaticos	9.12814446200956e-05	0.00262110414864071	0.00122113676731794
cpayroll_trx_delta1	9.04986852339937e-05	0.00279161677148897	0.00108792184724689
mcaja_ahorro_adicional_rank	8.91106946413937e-05	0.00287136499457366	0.0011101243339254
Visa_msaldodolares_rank	8.89258734131452e-05	0.00132058315699879	0.000976909413854352
Visa_delinquency_delta1	8.73934068931441e-05	6.92950882534402e-05	0.000310834813499112
vmr_mpagado_lag1	8.64906563325789e-05	0.000807868979830496	0.000754884547069272
ctarjeta_master_transacciones_lag1	8.42770273534068e-05	0.00252003804529926	0.00113232682060391
mforex_sell_rank	8.41068549757206e-05	0.00063627634909978	0.0005550621669627
ctarjeta_master_transacciones	8.37287619937154e-05	0.000162984453967377	0.000155417406749556
mplazo_fijo_dolares_rank_lag1	8.3608631602256e-05	0.000388995187010295	0.00033303730017762
Master_Finiciomora_lag1	8.30327672290354e-05	0.000103860085613069	8.8809946714032e-05
Visa_mpagosdolares_rank_lag1	8.10229159369766e-05	0.000142063605092468	0.000643872113676732
Visa_msaldodolares_rank_delta1	8.07381278342954e-05	0.000136197397655868	0.000377442273534636
Visa_msaldodolares_rank_lag1	7.94091675261943e-05	0.000169200310345503	0.000577264653641208
vmr_mconsumosdolares_delta1	7.81102833497465e-05	0.00107078774554488	0.000843694493783304
ccuenta_debitos_automaticos_delta1	7.73728291340374e-05	0.00206661912961182	0.000821492007104796
ctarjeta_master_transacciones_delta1	7.72020853080687e-05	0.000861901076863318	0.000510657193605684
ccajas_extracciones_lag1	7.58930157162993e-05	0.00350705473668375	0.00130994671403197
cseguro_accidentes_personales_lag1	7.50895836211051e-05	0.00110475038761463	0.000688277087033748
ctarjeta_debito	7.49891426384496e-05	0.000372481592783452	0.0005550621669627
matm_other_rank	7.46450600247838e-05	0.000159384878517224	0.0005550621669627
Master_mpagado_rank_delta1	7.38351988464621e-05	0.00190696873062716	0.000954706927175844
mv_status07_rank_lag1	7.34939708232457e-05	0.00196928039906197	0.00077708703374778
ctarjeta_visa_descuentos	7.25050234030453e-05	0.00153140904431651	0.000710479573712256
vm_mconsumototal_rank_delta1	7.23213813564224e-05	0.000269709744513929	0.000577264653641208
vm_mpagado_rank	7.19469114542827e-05	0.00236438177743129	0.00102131438721137
ccallcenter_transacciones	7.15447133455729e-05	0.00155257356776353	0.000599467140319716
cpagomiscuentas_lag1	6.94868596107769e-05	0.00324337707253246	0.00128774422735346
ccheques_emitidos_lag1	6.57314002049649e-05	0.00181364535816048	0.000688277087033748
vm_mconsumosdolares_rank_delta1	6.55441723576484e-05	0.00139015000085452	0.000843694493783304
vm_mconsumospesos_rank_delta1	6.30361180299842e-05	0.00058073697698322	0.000643872113676732
vm_status03_delta1	6.11167452347067e-05	0.00031699723656276	0.000288632326820604
mttarjeta_master_debitos_automaticos_rank	6.05082506095083e-05	0.00109503870659664	0.000643872113676732
cprestamos_prendarios_delta1	6.04479788457455e-05	0.0039771763408168	0.00146536412078153
vmr_msaldodolares2_delta1	5.92967528296468e-05	0.00181967411464608	0.000821492007104796
vm_mpagado_rank_lag1	5.87767534078683e-05	0.000483711699500075	0.0005550621669627
Master_mpagado_rank	5.82597269171988e-05	0.000119384539878797	0.000466252220248668
Visa_mpagosdolares_rank_delta1	5.68186654885051e-05	6.2449872949881e-05	0.000377442273534636
ctransferencias_emitidas	5.61910712110009e-05	0.00289685317143032	0.0011101243339254
cliente_vip	5.56412976188607e-05	0.00025778287137213	0.000377442273534636
cseguro_vivienda_delta1	5.54625607242431e-05	0.00108765043855429	0.000421847246891652
Master_status_delta1	5.4847578156247e-05	0.000118949272449326	0.00022202486678508
vm_status04_lag1	5.37779335069432e-05	5.37022538138077e-05	0.000177619893428064
mtarjeta_master_descuentos_rank_delta1	5.0256125245467e-05	7.68870984968193e-05	0.000355239786856128
Master_mconsumosdolares_rank	4.94227976569177e-05	0.000130564686850646	0.000399644760213144
vmr_msaldodolares2_lag1	4.93536052772901e-05	0.000393029204651481	0.000421847246891652
matm_other_rank_delta1	4.92639873909006e-05	0.000721227883922449	0.000466252220248668
ccajas_otras	4.69713541540808e-05	0.00199532934836054	0.000754884547069272
ccajas_consultas_lag1	4.53267125350418e-05	0.000618261600307615	0.00033303730017762
mtarjeta_master_consumo_rank_lag1	4.50657381187843e-05	0.00042151675645767	0.000399644760213144
Visa_madelantodolares_rank_lag1	4.34182216542792e-05	7.97719028432053e-06	0.000133214920071048
ctransferencias_emitidas_lag1	4.33878281111887e-05	0.000764220537137103	0.00044404973357016
mcajeros_propios_descuentos_rank_delta1	4.28257552090001e-05	4.43273159251065e-05	0.000199822380106572
cseguro_vida_delta1	4.27637335194912e-05	0.00240817443054173	0.00088809946714032
ccajas_otras_lag1	4.26505306751078e-05	0.00052248901185008	0.000288632326820604
Master_mpagado_rank_lag1	4.2540125011249e-05	0.000500497989184101	0.000399644760213144
vmr_msaldodolares_lag1	4.23834864640963e-05	0.000349807524846989	0.000355239786856128
vm_status06_lag1	4.08398072390625e-05	2.34595803129993e-05	6.6607460035524e-05
mcheques_depositados_rank_delta1	4.05795150730704e-05	0.00103822074213683	0.000399644760213144
mtarjeta_visa_descuentos_rank	4.01778462871789e-05	0.000400535963179555	0.000377442273534636
vm_mpagosdolares_rank_lag1	3.98869835848727e-05	0.000124956756121855	0.000177619893428064
cprestamos_hipotecarios_lag1	3.89764461094788e-05	0.000459225155797552	0.000177619893428064
Master_msaldodolares_rank_delta1	3.88953977105769e-05	2.25015701796287e-05	0.00022202486678508
vm_msaldodolares_rank_lag1	3.87758074114744e-05	0.000958025973364014	0.000532859680284192
Visa_mpagado_rank_delta1	3.87453658610948e-05	6.24702976012218e-05	0.000288632326820604
Master_msaldodolares_rank_lag1	3.69008723831043e-05	0.00020783591091707	0.000266429840142096
Master_mconsumosdolares_rank_delta1	3.65062114601934e-05	8.64098228357942e-05	0.000288632326820604
cseguro_vivienda_lag1	3.52387475366491e-05	0.000212192184168299	0.000155417406749556
Master_mpagosdolares_rank_delta1	3.46381007155934e-05	2.41115874488976e-05	0.000288632326820604
minversion2_rank_delta1	3.46281739348815e-05	0.00235171228138844	0.000865896980461812
vmr_msaldodolares2	3.39088115912005e-05	0.000118936183250768	0.00022202486678508
Master_madelantopesos_rank_lag1	3.36379335901602e-05	1.44633351741853e-05	0.000244227353463588
cseguro_vida	3.34241089591379e-05	0.000192500505023517	0.00022202486678508
Visa_madelantodolares_rank_delta1	3.27609159720473e-05	1.03533268268327e-05	8.8809946714032e-05
catm_trx_other_lag1	3.23583024905209e-05	0.000434197416142722	0.000266429840142096
mprestamos_prendarios_rank_delta1	3.20291435577563e-05	0.00124634032876697	0.000488454706927176
cliente_edad_delta1	3.15656806095679e-05	0.000127423600122678	0.000244227353463588
ccajas_otras_delta1	3.10270191929605e-05	0.000272735802172955	0.000199822380106572
internet_delta1	3.08647188508787e-05	6.75459953840765e-05	0.000266429840142096
cinversion1_lag1	3.0778528370124e-05	0.00148671896732803	0.000599467140319716
Visa_cadelantosefectivo_lag1	3.07579880849342e-05	0.000101506918207082	0.00022202486678508
minversion1_pesos_rank_lag1	2.99169944903367e-05	0.000302949408942113	0.000133214920071048
Visa_cadelantosefectivo	2.96127744122436e-05	1.51336809420394e-05	0.000133214920071048
mcaja_ahorro_adicional_rank_delta1	2.84991438610159e-05	0.0019305670656142	0.000710479573712256
minversion2_rank_lag1	2.84860555580069e-05	0.000468232770888178	0.000266429840142096
vmr_mpagado_delta1	2.7696862366749e-05	0.000359165041035332	0.000244227353463588
ctarjeta_master_descuentos	2.7186423892743e-05	0.000687196105210225	0.000288632326820604
mcajeros_propios_descuentos_rank_lag1	2.71210973218107e-05	0.00154026096442183	0.000621669626998224
ctarjeta_visa_descuentos_delta1	2.64708796818386e-05	0.000460736373687159	0.000310834813499112
ctarjeta_master_descuentos_delta1	2.49108798424934e-05	0.000566737861353706	0.000310834813499112
ccaja_seguridad_delta1	2.45456038125478e-05	0.00171855693821464	0.000643872113676732
cpagomiscuentas	2.44510933248075e-05	0.000820795881496135	0.00033303730017762
Visa_madelantopesos_rank_lag1	2.44224001261644e-05	4.09552999742349e-05	0.000133214920071048
ccomisiones_mantenimiento	2.32302901666069e-05	0.000372343457038245	0.000244227353463588
cextraccion_autoservicio_lag1	2.29682558206522e-05	0.000504322671341511	0.00033303730017762
vmr_Master_mlimitecompra_delta1	2.28434891842801e-05	9.88206066283273e-05	0.000177619893428064
vmr_mpagosdolares_delta1	2.23774945661129e-05	0.000259595209598451	0.000177619893428064
vmr_msaldodolares	2.17012881657272e-05	0.000128313963627422	0.00022202486678508
vmr_mpagosdolares	2.14197431024656e-05	4.73238483866832e-05	0.000155417406749556
cseguro_vivienda	2.06791566493199e-05	0.000597545869031132	0.000266429840142096
vm_status03_lag1	2.06690385021927e-05	9.52522297757891e-06	0.000155417406749556
ccajeros_propios_descuentos_delta1	2.02329505611322e-05	2.22531046399176e-05	0.000133214920071048
catm_trx_lag1	1.94374161827497e-05	3.98731602258135e-05	0.00011101243339254
ccheques_depositados_lag1	1.93839876737132e-05	0.000113844645474561	4.4404973357016e-05
vm_mpagosdolares_rank_delta1	1.86639203808933e-05	0.00138336564688577	0.000532859680284192
cseguro_auto	1.84191819552271e-05	0.00121196855181828	0.00044404973357016
Master_madelantodolares_rank_lag1	1.80487171616214e-05	7.90947488582376e-06	0.000155417406749556
vm_msaldodolares_rank	1.79055671300978e-05	0.000150720814772999	0.000177619893428064
mcajeros_propios_descuentos_rank	1.78864286660319e-05	4.12668962544538e-05	0.00011101243339254
Master_cadelantosefectivo	1.69212012372701e-05	8.18487529121989e-06	0.00011101243339254
catm_trx_other_delta1	1.69142947736368e-05	0.000495331583942935	0.00022202486678508
Master_madelantopesos_rank	1.66888137325946e-05	7.15798067156528e-06	0.00011101243339254
cforex_buy	1.66758743805876e-05	0.000787779558681882	0.000288632326820604
mtarjeta_visa_descuentos_rank_lag1	1.63076656810384e-05	4.7898879114947e-05	0.000133214920071048
cinversion2_lag1	1.61757433076376e-05	0.000294953765409387	0.00011101243339254
Master_msaldodolares_rank	1.60979221252179e-05	4.72554223661981e-05	8.8809946714032e-05
cextraccion_autoservicio	1.60934550034813e-05	0.000973366078532005	0.000399644760213144
catm_trx_delta1	1.59582808093449e-05	3.66975051766086e-05	0.00011101243339254
cforex_sell_lag1	1.53499674023429e-05	0.000137488643655166	8.8809946714032e-05
vm_mpagosdolares_rank	1.5133296382289e-05	6.72042779008702e-05	0.00011101243339254
mprestamos_hipotecarios_rank	1.47493502389394e-05	6.0598427590914e-05	2.2202486678508e-05
vm_status05_lag1	1.43806933609025e-05	4.86463617534652e-05	4.4404973357016e-05
Master_cadelantosefectivo_lag1	1.42415128984357e-05	1.26712611361752e-05	0.000133214920071048
Master_madelantodolares_rank	1.41435829165293e-05	5.61049813726557e-06	0.000133214920071048
minversion1_dolares_rank_lag1	1.38922631844507e-05	0.000127535649163928	0.00011101243339254
ctarjeta_master_debitos_automaticos_delta1	1.33117613236784e-05	0.000867169857517378	0.00033303730017762
ccuenta_corriente_lag1	1.32468428768348e-05	6.23412624021228e-06	8.8809946714032e-05
ctarjeta_visa_descuentos_lag1	1.31255043088383e-05	0.000435682730714692	0.000199822380106572
Visa_madelantodolares_rank	1.29910060275081e-05	4.43102609973876e-05	8.8809946714032e-05
cforex_delta1	1.14806514825804e-05	1.95386661844009e-05	8.8809946714032e-05
Visa_madelantopesos_rank_delta1	1.14560896445998e-05	5.27368394577848e-05	0.00011101243339254
Visa_cadelantosefectivo_delta1	1.075236392527e-05	1.7358225768147e-05	8.8809946714032e-05
ccheques_emitidos	1.07465101426061e-05	0.000603401600524226	0.00022202486678508
Master_delinquency_delta1	1.0724660695745e-05	8.66956533381152e-06	4.4404973357016e-05
vm_msaldodolares_rank_delta1	1.02370312344824e-05	2.44164442818728e-05	8.8809946714032e-05
mforex_buy_rank_lag1	1.01617386568652e-05	0.000449294809516779	0.000177619893428064
catm_trx	9.79250014090543e-06	1.329981774646e-05	4.4404973357016e-05
cseguro_accidentes_personales	9.69578202203192e-06	0.00017244576681259	8.8809946714032e-05
Master_madelantopesos_rank_delta1	9.6014314619387e-06	9.56831876267502e-06	6.6607460035524e-05
cprestamos_prendarios_lag1	8.56769692756971e-06	0.000288013235066238	0.00011101243339254
ccajas_depositos_delta1	8.46781202589365e-06	6.47341100230047e-05	4.4404973357016e-05
cplazo_fijo_lag1	8.22618641107357e-06	4.7481950317432e-05	4.4404973357016e-05
ccuenta_debitos_automaticos_lag1	8.19599508677941e-06	1.09134803399224e-05	6.6607460035524e-05
cforex_lag1	6.49247528226236e-06	2.36909450784116e-05	4.4404973357016e-05
ctarjeta_master_debitos_automaticos_lag1	6.09148742115462e-06	7.65576220504435e-05	4.4404973357016e-05
mtarjeta_master_descuentos_rank_lag1	5.83197352000596e-06	9.71596767320911e-06	4.4404973357016e-05
ccheques_depositados_delta1	5.49654911825673e-06	0.000100183419138832	4.4404973357016e-05
vmr_msaldodolares_delta1	5.35925605883733e-06	6.34840113291582e-05	4.4404973357016e-05
ccajas_extracciones_delta1	4.53948566243581e-06	0.000121811061812607	6.6607460035524e-05
ctarjeta_master_descuentos_lag1	3.72172486192261e-06	2.2076205611414e-05	2.2202486678508e-05
ccheques_depositados	3.62544717575338e-06	6.0598427590914e-05	2.2202486678508e-05
mcheques_depositados_rechazados_rank_lag1	3.54636330636323e-06	3.76605355104771e-05	2.2202486678508e-05
Master_madelantodolares_rank_delta1	3.17241212318858e-06	2.14995244062742e-06	2.2202486678508e-05
cseguro_accidentes_personales_delta1	3.09174919092321e-06	6.00175743470042e-05	4.4404973357016e-05
ccajeros_propios_descuentos_lag1	2.79730710822515e-06	4.42460757855423e-06	2.2202486678508e-05
active_quarter_delta1	2.7184313394563e-06	3.29708659302918e-05	2.2202486678508e-05
Visa_Fvencimiento_delta1	2.54301693031555e-06	3.11543556652006e-06	2.2202486678508e-05
catm_trx_other	2.49454240899944e-06	9.25186274498786e-06	2.2202486678508e-05
ccallcenter_transacciones_lag1	2.27650962222075e-06	6.58409610779866e-06	2.2202486678508e-05
Master_cadelantosefectivo_delta1	1.76389599138225e-06	9.93151536855952e-07	2.2202486678508e-05
mtarjeta_master_descuentos_rank	1.61443882104421e-06	1.02557423815379e-05	2.2202486678508e-05
vm_madelantopesos_rank_delta1	1.0917325586006e-06	5.84590427869511e-05	2.2202486678508e-05
ccuenta_debitos_automaticos	1.0508299755558e-06	0.000121196855181828	4.4404973357016e-05
cseguro_auto_lag1	7.84039221491346e-07	5.65931099087391e-05	2.2202486678508e-05
