Feature	Gain	Cover	Frequency
mcaja_ahorro_rank	0.0804767885318497	0.0139957709494183	0.00921403197158082
ctrx_quarter	0.0745904055232698	0.00344911724701766	0.00357460035523979
ctrx_quarter_normalizado	0.047758214131858	0.00813797272686576	0.00508436944937833
ctrx_quarter_normalizado_lag1	0.0476277374895136	0.00126909783651042	0.0025088809946714
mtarjeta_visa_consumo_rank	0.0457226440317332	0.00245705551920696	0.00266429840142096
vm_status01	0.035659257588505	0.00163205506091987	0.00230905861456483
mpayroll_rank	0.0343278025067999	0.00802356466296729	0.00481793960923624
mcuentas_saldo_rank	0.0318949727846185	0.00968791732196165	0.00912522202486679
mprestamos_personales_rank	0.0291121991435612	0.00995886755358171	0.0103685612788632
cdescubierto_preacordado	0.0271495556588143	0.00547974466254122	0.00739342806394316
ctarjeta_visa_transacciones	0.0232385891550262	0.00514563005038594	0.00408525754884547
ctrx_quarter_lag1	0.0210354060972809	0.00114798943355573	0.00235346358792185
cdescubierto_preacordado_delta1	0.0202056362544138	0.00605747411933519	0.00375222024866785
mpayroll_sobre_edad_rank	0.0200863599239919	0.00582213569372889	0.00386323268206039
mcaja_ahorro_rank_lag1	0.019809436068243	0.00351193584304484	0.0052841918294849
mcuenta_corriente_rank	0.0176765316522642	0.0068441146506837	0.0107460035523979
mpasivos_margen_rank	0.0166274102590926	0.00419063542225904	0.00617229129662522
mprestamos_personales_rank_delta1	0.0148263065381988	0.0205067653363387	0.012633214920071
foto_mes	0.0122882162854008	0.0124781306240039	0.0158303730017762
vm_status06	0.0104862163842259	0.000427954785872708	0.000688277087033748
vm_mpagospesos_rank	0.00999734153505944	0.00122799871511768	0.00182060390763766
Visa_status	0.00932383124236852	0.00114982689175096	0.00148756660746004
ctrx_quarter_delta1	0.0093022279727318	0.00467720299522429	0.00466252220248668
mprestamos_personales_rank_lag1	0.00896466435013683	0.00706596250582848	0.00632770870337478
mpayroll_rank_lag1	0.00806179835967662	0.00212009875598669	0.0022202486678508
vm_Finiciomora_lag1	0.00772228869885368	0.00505345287350355	0.00301953818827709
cpayroll_trx	0.00746532378348997	0.00699153973040154	0.00253108348134991
vm_Finiciomora	0.00738521329256856	0.00429635814643397	0.00279751332149201
vm_status04_delta1	0.0066101045145591	0.000625647867113687	0.00077708703374778
mautoservicio_rank	0.00625359378536056	0.00277144907034716	0.00204262877442274
mpayroll_sobre_edad_rank_lag1	0.0060295168430909	0.00273085689810073	0.00239786856127886
Visa_delinquency	0.00552764532210225	0.00102159325903498	0.0019538188277087
ccomisiones_mantenimiento_delta1	0.0052907343226687	0.003295786981513	0.00164298401420959
ctrx_quarter_normalizado_delta1	0.00514014577482768	0.00435605661552071	0.00475133214920071
cproductos_delta1	0.00486720053347623	0.00580245217503181	0.00310834813499112
mcuentas_saldo_rank_delta1	0.00461468145202794	0.00659580562153192	0.00717140319715808
Visa_Finiciomora	0.00437882699574633	0.0040416963991694	0.00215364120781528
vm_msaldototal_rank	0.00424342361262814	0.000529500851618752	0.00135435168738899
tcallcenter	0.00412738309160333	0.00255541688057638	0.00479573712255773
internet	0.00408599042403239	0.00380062452935244	0.00246447602131439
mactivos_margen_rank	0.00402258787681016	0.0126441750429906	0.0105905861456483
thomebanking	0.00398598548445863	0.00335559368405651	0.00537300177619894
internet_lag1	0.00394878365285509	0.00325640664739692	0.0024866785079929
vm_status04	0.00388736021391977	0.00112126611421111	0.00119893428063943
vm_Finiciomora_delta1	0.00376065763197535	0.00220541691649845	0.0019538188277087
vm_status02	0.00364750614209786	0.00123757960765954	0.00122113676731794
ccaja_ahorro	0.0036095505210944	0.00420300962598345	0.0019538188277087
Visa_mpagospesos_rank	0.00351637857823977	0.000748382631180067	0.00326376554174068
mcuentas_saldo_rank_lag1	0.00334739361124195	0.00342523163874872	0.00410746003552398
vm_msaldopesos_rank	0.00324799183087188	0.00104116917191775	0.00202042628774423
Visa_msaldopesos_rank	0.00321995542650307	0.00169611748159727	0.0033303730017762
vm_mpagominimo_rank	0.0031256284868828	0.00225263499405355	0.00319715808170515
mrentabilidad_annual_rank_delta1	0.00285920059642589	0.00623026425360402	0.00859236234458259
mrentabilidad_annual_rank_lag1	0.00282487577334174	0.00603124712570696	0.00956927175843694
cpayroll_trx_lag1	0.00273770073806046	0.00031272834593351	0.000266429840142096
Master_status	0.0025825648308128	0.000711193885087492	0.000799289520426288
vm_mconsumospesos_rank	0.00256688658634358	0.000870251643822369	0.00108792184724689
ccaja_seguridad	0.00251497838664588	0.00786580063808187	0.00284191829484902
Visa_Finiciomora_delta1	0.00250891040378612	0.00161242905286971	0.00122113676731794
mcuenta_corriente_rank_lag1	0.00250581962302616	0.0054651423977921	0.00757104795737123
cprestamos_personales_delta1	0.00245978612675077	0.00483840505958338	0.00199822380106572
vmr_mpagospesos	0.00242807966954063	0.00127182833695409	0.00244227353463588
mcuenta_debitos_automaticos_rank	0.00236930862694286	0.00401080276755863	0.00293072824156306
mrentabilidad_annual_rank	0.00231700350316132	0.00983596516248423	0.00959147424511545
cliente_vip_lag1	0.00231686812626715	0.00296555185070083	0.00206483126110124
vm_status06_delta1	0.0022480662827391	0.000348428207860986	0.000355239786856128
ccaja_ahorro_delta1	0.00218994347197515	0.0044079511873697	0.00213143872113677
cdescubierto_preacordado_lag1	0.00215469317423894	0.00489983940176954	0.00530639431616341
vm_msaldototal_rank_lag1	0.00202935961234197	0.000385697361927567	0.00117673179396092
mplazo_fijo_dolares_rank	0.00199876059463069	0.00747598010681134	0.0030417406749556
mpayroll_rank_delta1	0.00192836287450363	0.00835079947681243	0.00432948490230906
ccaja_seguridad_lag1	0.00185442381605757	0.00105476367532282	0.000688277087033748
Visa_mpagominimo_rank	0.00184113707237423	0.00521354024483879	0.00621669626998224
Visa_mpagominimo_rank_lag1	0.00176411989661842	0.00279608731491976	0.00492895204262877
vm_fechaalta	0.0017544671683507	0.00722482255718582	0.0061056838365897
vm_fechaalta_lag1	0.00174278206580742	0.00207330205898806	0.00386323268206039
cproductos	0.00171973747194495	0.00146886111507231	0.000932504440497336
mcomisiones_otras_rank_delta1	0.00169093622681006	0.00134036196634618	0.00401865008880995
cliente_vip_delta1	0.00166783799524556	0.00323723798149206	0.00421847246891652
Visa_Finiciomora_lag1	0.00165170056482564	0.000939811119960014	0.000976909413854352
mttarjeta_visa_debitos_automaticos_rank_delta1	0.00164792391971233	0.00326171966413783	0.00357460035523979
Master_fechaalta_lag1	0.00164526073817528	0.00386205226966968	0.00575044404973357
mtarjeta_master_consumo_rank	0.00161753794378548	0.00172918087322124	0.00128774422735346
mtransferencias_recibidas_rank	0.00158262053324165	0.00629377753361362	0.00663854351687389
cliente_edad_lag1	0.00158242411599627	0.0100269685280989	0.0083259325044405
mcaja_ahorro_rank_delta1	0.00154479446968381	0.0058278145330448	0.00623889875666075
mpagomiscuentas_rank	0.00153964454428163	0.00381888446194715	0.00264209591474245
mrentabilidad_rank_delta1	0.00151113436464707	0.00171781426811877	0.00552841918294849
Visa_delinquency_lag1	0.00147595444099748	0.000687781519239716	0.00186500888099467
mcomisiones_mantenimiento_rank	0.00147148876235311	0.0103489940256866	0.00768206039076377
mcaja_ahorro_dolares_rank_delta1	0.001447434827095	0.00326935263341003	0.00317495559502664
mcomisiones_mantenimiento_rank_delta1	0.00144399079268894	0.0037945984410294	0.00368561278863233
ctarjeta_visa_transacciones_delta1	0.00140887664821815	0.00636767890087145	0.00319715808170515
tcuentas_lag1	0.00133323471914402	0.00355453321674767	0.00228685612788632
mpayroll_sobre_edad_rank_delta1	0.00133098136217565	0.00530397589983955	0.00284191829484902
cliente_edad	0.00129201037847562	0.00483867506207487	0.00648312611012433
mactivos_margen_rank_lag1	0.00128800914057425	0.0095861094130762	0.00730461811722913
mpasivos_margen_rank_lag1	0.00128395973748689	0.000863783323265303	0.00441829484902309
chomebanking_transacciones	0.00125955942826386	0.00429117316875661	0.00548401420959147
Visa_fechaalta	0.00125446090514491	0.00432805079015301	0.00519538188277087
ctarjeta_visa	0.00121865565818722	0.00063270824048658	0.000510657193605684
Master_fechaalta	0.00120865183710087	0.0052957860954678	0.00654973357015986
mcomisiones_mantenimiento_rank_lag1	0.00116094523163432	0.00635915560913484	0.00608348134991119
vm_status02_lag1	0.00115523623277403	0.000784933111374328	0.000532859680284192
thomebanking_lag1	0.00114919499558292	0.000799445065346059	0.00353019538188277
mactivos_margen_rank_delta1	0.00113369884405038	0.00293321361858801	0.00590586145648313
mcuenta_corriente_rank_delta1	0.00111404458738466	0.00440931173027302	0.0035968028419183
vm_mpagominimo_rank_lag1	0.00106881871198289	0.00236230094015115	0.00297513321492007
Visa_fechaalta_lag1	0.00106374483387544	0.0016636273600071	0.00395204262877442
mtransferencias_emitidas_rank	0.0010529204331251	0.0038785818617171	0.00375222024866785
Master_delinquency	0.00104815870064484	0.000888531498253943	0.000843694493783304
mcomisiones_rank_delta1	0.0010368681012	0.00139030987021044	0.0047291296625222
tcallcenter_delta1	0.00101471153536818	0.00177001266541449	0.00177619893428064
mcomisiones_otras_rank_lag1	0.000978031611976364	0.00162831961190024	0.00481793960923624
mextraccion_autoservicio_rank_lag1	0.000959240480699684	0.000327026413299625	0.00130994671403197
vmr_mpagominimo_lag1	0.00093850591824433	0.00222263428846114	0.00284191829484902
mrentabilidad_rank	0.000900267482783015	0.00192715460362966	0.00548401420959147
mtransferencias_recibidas_rank_lag1	0.000895559859629099	0.00571956066627097	0.00612788632326821
numero_de_cliente	0.000877555401705964	0.00611153410419214	0.00634991119005329
cliente_antiguedad_lag1	0.000866769015797068	0.00175123462558514	0.00452930728241563
mprestamos_prendarios_rank	0.000857995477110915	0.00712822033817918	0.00270870337477797
chomebanking_transacciones_lag1	0.000844218012051333	0.00340837144184258	0.00517317939609236
Visa_msaldototal_rank	0.000840093401774627	0.000975958607197537	0.00275310834813499
cprestamos_personales_lag1	0.000838843319193078	0.00152720766552816	0.00130994671403197
Visa_mconsumototal_rank	0.000819436823460353	0.00308332349707942	0.00432948490230906
ccaja_ahorro_lag1	0.000796340222213335	0.000856968939247982	0.00133214920071048
mrentabilidad_rank_lag1	0.000793263853075344	0.00220631137675396	0.00506216696269982
Visa_mfinanciacion_limite_rank	0.000789766472577837	0.00230477083631658	0.00406305506216696
mcomisiones_rank_lag1	0.000784142496253552	0.00278702664500012	0.00475133214920071
vmr_msaldopesos	0.000776063380569519	0.000577381812604529	0.00164298401420959
mpasivos_margen_rank_delta1	0.000769461038923157	0.0041435818335227	0.00535079928952043
vmr_mpagominimo	0.000759023214162264	0.00140105071577193	0.00237566607460036
chomebanking_transacciones_delta1	0.000737865593271667	0.00445199685769134	0.00432948490230906
mcomisiones_otras_rank	0.000734020468981198	0.00111334145391323	0.00484014209591474
ccajas_transacciones_delta1	0.000730042434779943	0.00285456969185498	0.00253108348134991
Visa_mlimitecompra_rank	0.000713273936567652	0.00148775977848568	0.00419626998223801
mcomisiones_rank	0.000699623120306859	0.000666226068503686	0.00461811722912966
cmobile_app_trx_lag1	0.000698224694664516	0.00684217105117326	0.00546181172291297
Visa_mfinanciacion_limite_rank_lag1	0.000697183719134153	0.000735629145436616	0.00419626998223801
mcaja_ahorro_dolares_rank	0.000696733974413233	0.00534423081886629	0.0038854351687389
Master_Finiciomora	0.000695610735106605	0.00251252656056294	0.00119893428063943
mtransferencias_emitidas_rank_delta1	0.000662765206624929	0.00349254608426898	0.00281971580817052
vmr_msaldototal	0.000637415360089309	0.000726922140424902	0.00179840142095915
Visa_fultimo_cierre_lag1	0.000636791950752881	0.000602136752184218	0.00186500888099467
Master_Fvencimiento_lag1	0.000632044315657968	0.00116912266687868	0.00428507992895204
Visa_Fvencimiento_lag1	0.00063004451416592	0.00232990554608168	0.00441829484902309
vmr_mpagominimo_delta1	0.000629187906773071	0.00211097520559012	0.00259769094138544
vm_status05_delta1	0.000628941093398395	0.000448847515900173	0.000643872113676732
Master_mpagospesos_rank	0.000618390456485971	0.000722490984598096	0.00117673179396092
cliente_antiguedad	0.000616273616954392	0.00346673849528574	0.00404085257548846
Visa_mconsumospesos_rank	0.000604749913230983	0.00199553755233731	0.00335257548845471
mttarjeta_visa_debitos_automaticos_rank	0.000603320164706901	0.00150901240335372	0.00335257548845471
mtarjeta_visa_consumo_rank_delta1	0.000603029245944249	0.00444330208008475	0.00268650088809947
Master_Fvencimiento	0.000598296260293276	0.00264304123197717	0.00461811722912966
vm_mfinanciacion_limite_rank	0.000587837893747615	0.000774271255779783	0.00226465364120782
Visa_cconsumos_lag1	0.000575699819248779	0.00146603674721059	0.00270870337477797
ccajas_consultas_delta1	0.000571701505616982	0.00298699565081553	0.00122113676731794
Visa_mpagominimo_rank_delta1	0.000565922798811949	0.00559424045690917	0.00401865008880995
mtransferencias_emitidas_rank_lag1	0.000561032835948418	0.00232381829748699	0.00315275310834814
cmobile_app_trx_delta1	0.000560866909850193	0.00571071718389141	0.00457371225577265
Master_mfinanciacion_limite_rank	0.000560420197763451	0.00155679805566837	0.00404085257548846
vm_status01_lag1	0.000558572410509463	0.00230099547388517	0.00115452930728242
Visa_mpagospesos_rank_delta1	0.000558028596859448	0.00146641658713405	0.00381882770870338
Visa_msaldototal_rank_lag1	0.000552976725054333	0.00127990186474706	0.00244227353463588
mcaja_ahorro_dolares_rank_lag1	0.000543096152190219	0.00621310295103518	0.00430728241563055
vm_Fvencimiento	0.000540420651814824	0.00220632950864749	0.00395204262877442
Visa_mpagospesos_rank_lag1	0.000535467725470258	0.000530000036595275	0.00317495559502664
Visa_mconsumototal_rank_lag1	0.000531489318188116	0.000934317318942195	0.00326376554174068
Master_mfinanciacion_limite_rank_lag1	0.000530873775002996	0.00193845876992954	0.00379662522202487
Visa_Fvencimiento	0.000519026919413971	0.00131065899574396	0.00390763765541741
Master_mlimitecompra_rank	0.000510160731229983	0.000889709443691	0.00330817051509769
Master_Finiciomora_delta1	0.000509744199410373	0.00242793295516588	0.00124333925399645
cplazo_fijo	0.000507750019285487	0.00651386615341155	0.00235346358792185
vm_mpagospesos_rank_delta1	0.000502205085511585	0.00298638851133445	0.00275310834813499
vmr_msaldototal_lag1	0.000493707367477391	0.000440386430505981	0.00155417406749556
Visa_mconsumospesos_rank_lag1	0.000488416093814852	0.0010038254213815	0.0030639431616341
Visa_msaldopesos_rank_lag1	0.000481348832839341	0.00263102524938009	0.00284191829484902
ctarjeta_visa_debitos_automaticos_delta1	0.000480013768042537	0.00146141109195663	0.00133214920071048
Master_mlimitecompra_rank_lag1	0.000477740777935915	0.0019169105487049	0.0033303730017762
vmr_msaldopesos2	0.00047694162238905	0.0026463792438382	0.00279751332149201
Visa_mlimitecompra_rank_lag1	0.000474575991155396	0.000586328158610854	0.00310834813499112
Master_msaldototal_rank	0.000472108549284515	0.0036582436494309	0.0025088809946714
vm_cconsumos_lag1	0.000472102502995502	0.00215685605599729	0.00202042628774423
Master_mpagominimo_rank_lag1	0.000469645284568642	0.00222261859739943	0.00226465364120782
cmobile_app_trx	0.000463542963680484	0.00424517097413889	0.00344138543516874
Master_mpagominimo_rank	0.000455082285786469	0.000976130767202013	0.00173179396092362
mttarjeta_visa_debitos_automaticos_rank_lag1	0.000448547314931794	0.00129135103970316	0.00295293072824156
ccomisiones_otras	0.000442626876011222	0.00174555255507282	0.00233126110124334
Visa_cconsumos	0.000436024426000258	0.00112702768610276	0.00242007104795737
active_quarter_lag1	0.000435719223954137	0.00021963615931628	0.000688277087033748
vmr_msaldopesos_lag1	0.000432573416601881	0.000454930068799356	0.00159857904085258
Master_mlimitecompra_rank_delta1	0.000430962956157848	0.00155151279467218	0.00337477797513322
Master_fultimo_cierre	0.000430327069932371	0.00072925266989409	0.00281971580817052
ctarjeta_debito_delta1	0.000420664277265887	0.00658457991054059	0.00255328596802842
vm_Fvencimiento_lag1	0.000414629960325351	0.00150416333062704	0.00337477797513322
vmr_Master_mlimitecompra	0.000408772558565457	0.00217528238358417	0.0030417406749556
vmr_Master_mlimitecompra_lag1	0.000406500373796386	0.00101445861463666	0.00270870337477797
vm_mfinanciacion_limite_rank_lag1	0.000400880927278265	0.000937207519525044	0.00206483126110124
Visa_msaldopesos_rank_delta1	0.000400179046139323	0.00131082069504063	0.00204262877442274
ccomisiones_mantenimiento_lag1	0.000397156045635924	0.00381830310229931	0.00197602131438721
Visa_mfinanciacion_limite_rank_delta1	0.000394154626181492	0.00284492947547684	0.00357460035523979
vm_fultimo_cierre	0.000392608673341567	0.0042594269662136	0.00337477797513322
Master_mfinanciacion_limite_rank_delta1	0.00039105084291236	0.00250096987277661	0.00339698046181172
Visa_mpagado_rank_lag1	0.000389232456653473	0.000248888854562477	0.000821492007104796
ccomisiones_otras_lag1	0.00038190850628903	0.00076871008780369	0.00210923623445826
Master_msaldopesos_rank	0.000380708519482424	0.00241430816220021	0.00217584369449378
ccomisiones_otras_delta1	0.000379029787805228	0.00291784848928759	0.00186500888099467
minversion2_rank	0.000378098952689858	0.00660038111188044	0.0024866785079929
Master_fultimo_cierre_lag1	0.000376402051728946	0.00171218433842336	0.00281971580817052
vm_status01_delta1	0.000373026400981725	0.000292671193999605	0.000577264653641208
Visa_mconsumosdolares_rank_lag1	0.000372490260830231	0.000500821519390435	0.00261989342806394
vm_mlimitecompra_rank_lag1	0.000371501728090498	0.000638540457024946	0.00188721136767318
vm_fultimo_cierre_lag1	0.000370533037469011	0.0030661840690129	0.00279751332149201
mcuenta_debitos_automaticos_rank_delta1	0.000366673412875789	0.00184146199627046	0.00204262877442274
vmr_msaldopesos2_lag1	0.000366363716744455	0.00254507119406378	0.00273090586145648
mcuenta_debitos_automaticos_rank_lag1	0.000363516629536035	0.0029572148060552	0.0024866785079929
mplazo_fijo_dolares_rank_delta1	0.00035922242198384	0.00185670220147366	0.00106571936056838
ccajas_transacciones	0.000353601201352762	0.000486726366509748	0.00253108348134991
ccajas_consultas	0.000347919828255746	0.00567881262947823	0.00208703374777975
Visa_cadelantosefectivo_lag1	0.000347868538149552	0.000144804718904365	0.000288632326820604
tcallcenter_lag1	0.000337503310379303	0.000624648869518172	0.00202042628774423
vm_cconsumos	0.000337039213833784	0.00245914556862669	0.00168738898756661
mtransferencias_recibidas_rank_delta1	0.000333834604739963	0.000774291456568858	0.00261989342806394
minversion1_pesos_rank	0.000331520573415094	0.00178112168139873	0.000643872113676732
Visa_msaldototal_rank_delta1	0.000329302672971869	0.000566280886234321	0.00190941385435169
Visa_fultimo_cierre	0.00032694377795544	0.000720855836491846	0.00210923623445826
mcheques_emitidos_rank_lag1	0.000326733318315098	0.0034080757292559	0.00159857904085258
mcheques_emitidos_rechazados_rank_lag1	0.000318159851973013	0.00260755558209955	0.00099911190053286
mtarjeta_master_consumo_rank_delta1	0.000315696573374868	0.00300763495276188	0.00142095914742451
mautoservicio_rank_lag1	0.00031353383324959	0.00289286071759814	0.00235346358792185
Visa_mlimitecompra_rank_delta1	0.000312793384216045	0.000513161295763151	0.00259769094138544
vm_mlimitecompra_rank	0.000308726706899296	0.00177139366481308	0.00233126110124334
Master_mconsumototal_rank	0.0003084975364423	0.000363888134420153	0.00186500888099467
ctarjeta_debito_transacciones	0.000302911501901418	0.00260487117850828	0.00133214920071048
Visa_status_lag1	0.000296980284038737	0.00030784489234717	0.00022202486678508
vmr_mpagospesos_delta1	0.000286382084513824	0.00430611873068993	0.0024866785079929
vm_mlimitecompra_rank_delta1	0.000286231675812354	0.00209927532233694	0.00242007104795737
Master_mpagospesos_rank_lag1	0.000285605970886805	0.000773998254552052	0.00204262877442274
ctarjeta_debito_lag1	0.000279521938587027	0.00142757107413909	0.00153197158081705
ctransferencias_recibidas	0.000264557762317099	0.00517501694489028	0.00266429840142096
ctarjeta_debito_transacciones_delta1	0.000261150161955345	0.00715548605684657	0.00297513321492007
vmr_mconsumosdolares	0.000260940465591341	0.000820646060809571	0.00162078152753108
Visa_mconsumosdolares_rank	0.000252764801148548	0.00031867551402766	0.0019538188277087
Visa_mconsumospesos_rank_delta1	0.00024800541265889	0.000421483396841351	0.00184280639431616
vm_msaldopesos_rank_delta1	0.000247416784133186	0.001734072927834	0.00159857904085258
ccajas_transacciones_lag1	0.000244309674630177	0.000240538559686963	0.00168738898756661
cinversion1	0.000240479256017211	0.00288822367179569	0.00104351687388988
vmr_Visa_mlimitecompra_lag1	0.0002401927521901	0.000780137829931788	0.00173179396092362
mpagomiscuentas_rank_lag1	0.000239662697736696	0.00240611266255421	0.00202042628774423
vm_mpagominimo_rank_delta1	0.000239045827323467	0.00220691577320499	0.00190941385435169
mextraccion_autoservicio_rank_delta1	0.000236037261523904	0.00143083151404023	0.00173179396092362
vmr_mconsumototal	0.000234975208726019	0.00156629884243445	0.00177619893428064
Master_mconsumospesos_rank	0.000233285526671011	0.000267120194555846	0.0013765541740675
tcuentas_delta1	0.000232994440699498	1.98744149915352e-06	4.4404973357016e-05
Visa_status_delta1	0.000230479210867481	0.00138561875417164	0.000910301953818828
vm_msaldopesos_rank_lag1	0.00022615079640184	0.00113058925491263	0.00135435168738899
mextraccion_autoservicio_rank	0.000222313396953579	0.000342175563852871	0.00130994671403197
ccallcenter_transacciones_delta1	0.000222216636769885	0.00208216736937791	0.00102131438721137
vmr_Visa_mlimitecompra	0.000222006954371032	0.000477691871605641	0.00153197158081705
vm_mfinanciacion_limite_rank_delta1	0.000220487406068817	0.00047597329354313	0.00164298401420959
ccajas_depositos	0.000218721392650482	0.00429756535860687	0.00155417406749556
mprestamos_prendarios_rank_lag1	0.000217046428456225	0.000523637648139262	0.000266429840142096
mcheques_depositados_rank_lag1	0.000216312031471799	0.00207606584772857	0.000843694493783304
Master_mconsumototal_rank_lag1	0.000213576070153945	0.000556699226573886	0.00144316163410302
Visa_mconsumosdolares_rank_delta1	0.000210043849669937	0.000904096217859314	0.00164298401420959
vm_mconsumototal_rank	0.000202908148677697	0.000449171263183774	0.000976909413854352
vmr_mpagospesos_lag1	0.000200203450402773	0.000314464474739118	0.00124333925399645
vm_mconsumospesos_rank_lag1	0.000199972887491707	0.00043183198910612	0.00113232682060391
cpagomiscuentas_delta1	0.00019947782560548	0.00280850110661171	0.00119893428063943
Master_mconsumospesos_rank_lag1	0.000198677175041489	0.000514808462060369	0.001398756660746
vm_msaldototal_rank_delta1	0.000198514086769795	0.00059537527610238	0.00124333925399645
Master_mpagospesos_rank_delta1	0.00019704548765003	0.000228486545762994	0.00130994671403197
Master_fechaalta_delta1	0.000193996286326087	0.000384321453406778	0.000843694493783304
vmr_msaldopesos_delta1	0.000190827886342331	0.000316147184196861	0.00124333925399645
cforex_buy_delta1	0.000189598304064493	0.00290802941805198	0.0011101243339254
vmr_mconsumospesos	0.000188155659904015	0.00152617726256321	0.00153197158081705
Visa_mpagado_rank	0.000187128305079058	0.00244593885528301	0.00135435168738899
vmr_mconsumototal_lag1	0.00018610509040353	0.000874230757595834	0.00135435168738899
vm_mconsumosdolares_rank_lag1	0.000185208797572439	0.00260355884784494	0.00184280639431616
vmr_mconsumosdolares_lag1	0.000184623752827843	0.000505355097169676	0.00124333925399645
Master_msaldototal_rank_lag1	0.000183677777499128	0.000360720167176018	0.00117673179396092
Master_msaldototal_rank_delta1	0.000177289089576042	0.000477229159630337	0.00144316163410302
Master_mpagominimo_rank_delta1	0.000177123476637016	0.00158333203620169	0.00159857904085258
mcheques_emitidos_rank_delta1	0.00017690464598649	0.00260470108739935	0.000976909413854352
vmr_mconsumospesos_lag1	0.000176445504541942	0.000706003886270389	0.00133214920071048
vmr_Visa_mlimitecompra_delta1	0.000176104188696881	0.00386232487571511	0.00153197158081705
Master_mconsumototal_rank_delta1	0.000175927002003857	0.0024905019587048	0.00173179396092362
Visa_mconsumototal_rank_delta1	0.000175147413747685	0.00016802007475512	0.0013765541740675
vm_fechaalta_delta1	0.000171626643237534	0.000182927443481934	0.000288632326820604
Master_status_delta1	0.000170862661431858	0.000219445239775804	0.000355239786856128
ctransferencias_recibidas_delta1	0.000170101820293448	0.0017877977051208	0.00142095914742451
vm_fultimo_cierre_delta1	0.000169644609976573	0.000414206649538986	0.000732682060390764
matm_rank	0.000168828257443765	0.000375874548083167	0.00108792184724689
Master_cconsumos_delta1	0.000168188543647903	0.0026242351574509	0.0013765541740675
ccajas_depositos_lag1	0.000167208296677058	0.00458558753510508	0.00170959147424512
Visa_cconsumos_delta1	0.000166284929685459	0.000294833189843022	0.000843694493783304
ctransferencias_emitidas_delta1	0.000165781269741376	0.00238776369771306	0.00104351687388988
mautoservicio_rank_delta1	0.000165344304874557	0.000787739626294726	0.00128774422735346
mtarjeta_visa_consumo_rank_lag1	0.000161891868627228	0.000302466902987777	0.00099911190053286
Visa_fechaalta_delta1	0.000160290088457253	0.000581957116984908	0.000577264653641208
vmr_msaldopesos2_delta1	0.000160035480207413	0.000338936347565565	0.00122113676731794
matm_other_rank_lag1	0.00015985820317602	0.000661487228391266	0.00106571936056838
vmr_msaldototal_delta1	0.000159396064528168	0.000960956162259771	0.00133214920071048
vm_cconsumos_delta1	0.000156617153656184	0.000324405541073765	0.000310834813499112
Master_msaldopesos_rank_delta1	0.000154673165031759	0.000354503159312496	0.00115452930728242
vm_status05	0.000153457083367311	0.000316049550924001	0.000421847246891652
mforex_buy_rank_delta1	0.000150198122069549	0.00316298843538639	0.00146536412078153
ccajas_extracciones	0.000146480430739774	0.00593567944745636	0.00215364120781528
Master_fultimo_cierre_delta1	0.000145969963923917	0.000326664565793591	0.00106571936056838
thomebanking_delta1	0.000145668073276291	0.00190568121133487	0.00135435168738899
ctarjeta_visa_transacciones_lag1	0.000145400208533855	0.000305758236845977	0.000954706927175844
matm_rank_lag1	0.000145253824406717	0.00101628554238603	0.00122113676731794
cplazo_fijo_delta1	0.00014331749887947	0.000962018691220697	0.00044404973357016
vm_mpagado_rank_delta1	0.000141480938405551	0.00267054210735605	0.00119893428063943
Visa_mpagosdolares_rank	0.000140480668142447	0.000221896927487407	0.000976909413854352
ctarjeta_visa_debitos_automaticos_lag1	0.000140072882030054	0.00134713625098358	0.00117673179396092
vmr_mconsumototal_delta1	0.000139070889577834	0.00188543360478083	0.00133214920071048
vmr_mpagado	0.000138241376360829	0.00260915806955143	0.00150976909413854
Master_msaldopesos_rank_lag1	0.000136558493925662	0.000407946008900903	0.00088809946714032
vmr_mconsumospesos_delta1	0.000134539161568345	0.00272507624122884	0.00162078152753108
mpagomiscuentas_rank_delta1	0.000133470254160245	0.000406097857537697	0.00088809946714032
vm_mconsumototal_rank_lag1	0.000129482753948321	0.000281989160862002	0.000799289520426288
mv_status07_rank	0.00012919170141858	0.00358810388296221	0.001398756660746
cproductos_lag1	0.000125957817596177	0.000346583636384451	0.000710479573712256
Master_cconsumos_lag1	0.000122152417489992	0.000535180179101023	0.000865896980461812
mprestamos_hipotecarios_rank_lag1	0.000121053813705189	0.0032281795664361	0.00117673179396092
mttarjeta_master_debitos_automaticos_rank_delta1	0.000119380054036329	0.00275652147758525	0.00119893428063943
cseguro_vida_lag1	0.000118274299472355	0.00295460976436715	0.001398756660746
vmr_mpagado_lag1	0.000115951471013703	0.00147237877215541	0.00115452930728242
vm_status03	0.000115780065644768	0.000123014808837367	0.000532859680284192
vm_mpagospesos_rank_lag1	0.000114730352114959	0.000252131883196628	0.000843694493783304
vm_mconsumospesos_rank_delta1	0.000114575872385343	0.0010483219482096	0.00106571936056838
Visa_fultimo_cierre_delta1	0.000114216379921752	0.000203775634140161	0.000710479573712256
ctransferencias_recibidas_lag1	0.000114032176050889	0.00124797448274485	0.00108792184724689
ccuenta_debitos_automaticos_delta1	0.000111679898610056	0.00227846757250544	0.00099911190053286
Master_delinquency_lag1	0.000110598605894465	0.000100995297857027	0.000532859680284192
Master_cconsumos	0.000110475910476744	0.000482436918404693	0.000799289520426288
Master_mconsumosdolares_rank_lag1	0.000110093934906565	0.00149440432710026	0.00113232682060391
mttarjeta_master_debitos_automaticos_rank_lag1	0.000109942885092753	0.00039859622826351	0.000710479573712256
ctarjeta_master_transacciones	0.000108288434421444	0.000148714024887734	8.8809946714032e-05
ctarjeta_visa_lag1	0.000107650220615461	0.00269660059060452	0.00104351687388988
vm_mpagado_rank	0.000107290613239808	0.00286812765252078	0.00130994671403197
minversion1_pesos_rank_lag1	0.000105859211565015	0.00018483405857877	8.8809946714032e-05
Visa_mpagosdolares_rank_lag1	0.000105434039502018	0.000183876671354307	0.000754884547069272
Master_mconsumospesos_rank_delta1	0.000103121807070998	0.000899043672742788	0.000910301953818828
Master_Fvencimiento_delta1	0.000102746632488168	0.000180803292154759	0.000754884547069272
vm_status02_delta1	0.000102594795072962	0.000728955980974682	0.000532859680284192
ctarjeta_debito_transacciones_lag1	0.000102475036646779	0.000543038472019374	0.000754884547069272
Master_status_lag1	0.000102358816252365	0.000294654079279358	0.000177619893428064
ctarjeta_master_descuentos_delta1	0.000101666626845696	0.000703738259681636	0.000488454706927176
vm_mconsumototal_rank_delta1	0.000101287014162577	0.000305578870576123	0.000821492007104796
vm_status06_lag1	0.000100461726253418	9.5771917759013e-05	0.000177619893428064
ccheques_emitidos_lag1	9.87125275405425e-05	0.00198039337643177	0.000754884547069272
Master_mpagosdolares_rank_lag1	9.61289571054417e-05	0.000789278442905087	0.000732682060390764
mcheques_emitidos_rank	9.56828962837482e-05	0.00215008797804653	0.000932504440497336
mcheques_depositados_rank	9.55357844769053e-05	0.00222070968094687	0.000821492007104796
cprestamos_hipotecarios	9.48724499326017e-05	0.000491612539880117	0.000177619893428064
Visa_delinquency_delta1	9.38862372313635e-05	7.68391756842132e-05	0.00033303730017762
cextraccion_autoservicio_delta1	9.32433131082372e-05	0.00190049465292833	0.000976909413854352
mforex_sell_rank	9.21694078334796e-05	0.000726982766038145	0.000577264653641208
mforex_buy_rank	9.13264027468442e-05	0.00200898435054815	0.000954706927175844
mttarjeta_master_debitos_automaticos_rank	9.0653260563654e-05	0.00120849635263379	0.000865896980461812
ctarjeta_visa_debitos_automaticos	9.029110875397e-05	0.00228852486892682	0.00117673179396092
ctarjeta_master_transacciones_delta1	8.94900438352312e-05	0.00104908455705471	0.000643872113676732
cprestamos_personales	8.88973479280688e-05	0.000856914148385094	0.000466252220248668
active_quarter	8.8669395422907e-05	0.000214468127985571	0.00066607460035524
Visa_madelantodolares_rank_lag1	8.69266735566824e-05	3.96302288025628e-05	0.000310834813499112
ccheques_emitidos_rechazados_lag1	8.65956213935113e-05	0.000421166204934643	0.000155417406749556
Visa_msaldodolares_rank	8.24742355335392e-05	0.00182578697431278	0.00106571936056838
vmr_mpagosdolares_lag1	8.15997751655827e-05	0.000571008475274345	0.00066607460035524
mtarjeta_visa_descuentos_rank_delta1	8.11291661353408e-05	0.000769284124956073	0.000732682060390764
mcaja_ahorro_adicional_rank	8.02094384124989e-05	0.0030025590221519	0.0011101243339254
cseguro_accidentes_personales_lag1	8.00696084583406e-05	0.000803967089854677	0.000532859680284192
Visa_msaldodolares_rank_delta1	7.94902741346472e-05	7.82700610360296e-05	0.000266429840142096
Master_mpagosdolares_rank	7.76482063353979e-05	0.00121246356444637	0.000754884547069272
cpayroll_trx_delta1	7.75044992076308e-05	0.00269972048508479	0.00102131438721137
ccallcenter_transacciones	7.59358919497344e-05	0.00188250895360027	0.000710479573712256
cpagomiscuentas_lag1	7.48560291910676e-05	0.00302903342314276	0.00122113676731794
ccajas_extracciones_lag1	7.44344942005284e-05	0.00382187399276213	0.001398756660746
ctransferencias_emitidas	7.21707007470541e-05	0.00306506442458735	0.00115452930728242
Visa_madelantopesos_rank_lag1	7.20088082984379e-05	5.3536670514422e-05	0.000244227353463588
ctarjeta_master_transacciones_lag1	7.03766824343736e-05	0.00260667904452343	0.00108792184724689
Visa_mpagado_rank_delta1	6.93562755416533e-05	0.000178232584834336	0.000399644760213144
ctarjeta_visa_descuentos	6.8614877126443e-05	0.00143738375271993	0.000621669626998224
ctarjeta_debito	6.82509568810291e-05	0.000486736269313138	0.000466252220248668
matm_rank_delta1	6.79020979893659e-05	0.000193138977228421	0.000488454706927176
vm_status04_lag1	6.77470866308814e-05	0.000272513317072533	0.000199822380106572
matm_other_rank	6.73428794511607e-05	0.00017234813449499	0.000510657193605684
vmr_msaldodolares2_lag1	6.72868030275622e-05	0.000604743630307634	0.000599467140319716
vm_mconsumosdolares_rank	6.46108317737795e-05	0.000250892452043687	0.000488454706927176
ctarjeta_visa_delta1	6.41521965556146e-05	0.000277141645618482	0.000177619893428064
mv_status07_rank_lag1	6.30548868886651e-05	0.00215897644146966	0.000865896980461812
mtarjeta_visa_descuentos_rank	6.30546604211486e-05	0.000588309044733115	0.000510657193605684
Master_msaldodolares_rank_delta1	6.29622695894148e-05	4.03771698319771e-05	0.000288632326820604
Master_mpagado_rank_delta1	6.28424812023874e-05	0.00227464906546583	0.000976909413854352
vm_mpagado_rank_lag1	6.12386207221122e-05	0.000181119600712808	0.00044404973357016
vm_mconsumosdolares_rank_delta1	5.99195329703142e-05	0.00176510385042322	0.000910301953818828
vm_status03_delta1	5.98983076390342e-05	0.000391871945809429	0.00033303730017762
vmr_mconsumosdolares_delta1	5.93709153910567e-05	0.00107227352867577	0.000688277087033748
Master_msaldodolares_rank	5.824413038633e-05	0.00012115080369033	0.000310834813499112
mtarjeta_master_consumo_rank_lag1	5.66648888105928e-05	0.000364116875230854	0.000466252220248668
mforex_sell_rank_lag1	5.64210030206624e-05	0.00135818278167319	0.000710479573712256
Master_mconsumosdolares_rank	5.63087148731104e-05	5.73580833062e-05	0.00044404973357016
cprestamos_hipotecarios_lag1	5.60812982236585e-05	0.000455291172432834	0.000177619893428064
vmr_msaldodolares2	5.42359939901854e-05	0.000220372616391871	0.00033303730017762
Master_mpagado_rank_lag1	5.34810126210628e-05	0.000299515890823547	0.000510657193605684
ccajas_otras_delta1	5.3362184348562e-05	0.000806809775578067	0.000355239786856128
Visa_msaldodolares_rank_lag1	5.20395282726337e-05	6.74771908877128e-05	0.000377442273534636
minversion2_rank_lag1	5.16663219888145e-05	0.000749602442694367	0.000377442273534636
mplazo_fijo_dolares_rank_lag1	5.05492891353248e-05	0.000147308500940844	0.000133214920071048
vmr_msaldodolares2_delta1	5.04673007667648e-05	0.00156776536393086	0.000732682060390764
vmr_msaldodolares_lag1	5.02566474790844e-05	0.000254472175993101	0.000377442273534636
cprestamos_prendarios_delta1	5.01770972933724e-05	0.00386280118661057	0.001398756660746
vm_Fvencimiento_delta1	4.94475063101698e-05	5.64456771253052e-05	0.000199822380106572
mtarjeta_master_descuentos_rank_delta1	4.86877415658558e-05	9.89555063268065e-05	0.000355239786856128
ctransferencias_emitidas_lag1	4.79997176696623e-05	0.00105501505775442	0.000577264653641208
cseguro_vivienda_lag1	4.74062531818911e-05	0.000264261306358365	0.000177619893428064
vmr_mpagado_delta1	4.67618040393556e-05	0.000673852691613151	0.000466252220248668
Master_mpagado_rank	4.61205336470945e-05	0.000176065358637016	0.00033303730017762
vm_msaldodolares_rank_lag1	4.55464355093065e-05	0.00089313802203562	0.000510657193605684
cinversion1_lag1	4.46069721680388e-05	0.00194093828312391	0.00077708703374778
internet_delta1	4.11705773214436e-05	8.65997134481387e-05	0.000177619893428064
cliente_edad_delta1	4.00012946201897e-05	0.000200577144875248	0.000355239786856128
ccajas_consultas_lag1	3.97097502850537e-05	0.000569934625502971	0.000288632326820604
Master_msaldodolares_rank_lag1	3.89984366600934e-05	0.000209100064675586	0.000288632326820604
Visa_mpagosdolares_rank_delta1	3.87200646122479e-05	8.7659801577243e-05	0.000310834813499112
mcheques_depositados_rank_delta1	3.84022635130828e-05	0.00103799709012854	0.000421847246891652
cseguro_vida_delta1	3.83028542603206e-05	0.00206543588566983	0.000754884547069272
ctarjeta_visa_descuentos_delta1	3.68893163763749e-05	0.000549003144364586	0.000399644760213144
Master_mpagosdolares_rank_delta1	3.6555410929695e-05	3.53823910685598e-05	0.000310834813499112
cpagomiscuentas	3.63069255492824e-05	0.00116580876113763	0.000488454706927176
vm_mpagosdolares_rank_lag1	3.46528408726864e-05	0.000122929937628031	0.000199822380106572
minversion2_rank_delta1	3.44185692815023e-05	0.00244934544289522	0.00088809946714032
mforex_buy_rank_lag1	2.99750252779712e-05	0.000795341771347923	0.000355239786856128
Master_delinquency_delta1	2.98024236715628e-05	2.17507870198017e-05	0.00011101243339254
mtarjeta_visa_descuentos_rank_lag1	2.96341884334624e-05	0.000242481996475277	0.00022202486678508
Visa_cadelantosefectivo_delta1	2.91843438016213e-05	3.99770826274069e-05	0.000133214920071048
cseguro_vivienda	2.91520550866881e-05	0.000787126396357095	0.000310834813499112
catm_trx_lag1	2.82544235072744e-05	0.000198904849633276	0.000177619893428064
ccomisiones_mantenimiento	2.77466595491101e-05	0.000803146505442305	0.000377442273534636
vmr_Master_mlimitecompra_delta1	2.73860927634033e-05	0.000215616388258475	0.000177619893428064
cextraccion_autoservicio_lag1	2.72942396936018e-05	0.000198564760399481	0.000177619893428064
Master_mconsumosdolares_rank_delta1	2.71215732341901e-05	2.64396017028894e-05	0.000199822380106572
mcaja_ahorro_adicional_rank_delta1	2.70339577798012e-05	0.0017184297761661	0.000621669626998224
mprestamos_hipotecarios_rank	2.67969884694369e-05	0.000122903134970029	4.4404973357016e-05
cliente_vip	2.63253364868706e-05	0.000116113856651444	0.000177619893428064
Master_madelantopesos_rank_lag1	2.62621009547383e-05	1.38426546402573e-05	0.00022202486678508
ctarjeta_master_descuentos	2.59254894180753e-05	0.000714520134463748	0.000310834813499112
vmr_mpagosdolares	2.5600319360147e-05	0.000106263194078262	0.000199822380106572
mprestamos_prendarios_rank_delta1	2.5196061334014e-05	0.00114627652752145	0.000421847246891652
vm_mpagosdolares_rank_delta1	2.46943341337496e-05	0.00129741687871586	0.000532859680284192
ccajas_otras_lag1	2.4033424718814e-05	0.000201711271569605	0.000177619893428064
matm_other_rank_delta1	2.40046024279885e-05	0.000673797412583898	0.00033303730017762
cseguro_vida	2.39859144445641e-05	0.000154696154991975	0.000199822380106572
catm_trx_delta1	2.39573199473229e-05	0.000210780635499733	0.000177619893428064
ccuenta_debitos_automaticos_lag1	2.36975930757757e-05	2.22983469584253e-05	0.000155417406749556
vmr_mpagosdolares_delta1	2.22820714772808e-05	0.000211106916599224	0.000199822380106572
vm_madelantopesos_rank_lag1	2.20292893885593e-05	1.00922584314763e-06	2.2202486678508e-05
catm_trx_other_delta1	2.18552831862737e-05	0.000545209347841417	0.000244227353463588
mcajeros_propios_descuentos_rank_lag1	2.18388619499945e-05	0.00158798651651716	0.000577264653641208
vm_cadelantosefectivo_lag1	2.03056041372716e-05	1.00241476006478e-06	2.2202486678508e-05
ccheques_depositados_lag1	2.00373489093081e-05	7.31492191205361e-05	6.6607460035524e-05
mcaja_ahorro_adicional_rank_lag1	1.97997245214507e-05	0.000436009275177473	0.000244227353463588
Visa_madelantodolares_rank_delta1	1.96125949720642e-05	1.65938905314021e-05	6.6607460035524e-05
ccajas_otras	1.90997735985098e-05	0.00159366570452332	0.000577264653641208
mv_status07_rank_delta1	1.86954809288556e-05	0.000324375367743248	0.00022202486678508
cseguro_auto	1.83939467448294e-05	0.00135193448467032	0.000488454706927176
cseguro_vivienda_delta1	1.83046294896176e-05	0.000529332178516878	0.00022202486678508
catm_trx_other_lag1	1.82551122946321e-05	0.000563788099564047	0.000244227353463588
mcajeros_propios_descuentos_rank_delta1	1.8249372410161e-05	1.14445257526231e-05	0.00011101243339254
vm_madelantopesos_rank_delta1	1.80009015336149e-05	6.020769634276e-05	4.4404973357016e-05
vmr_msaldodolares_delta1	1.70717743106915e-05	0.000249363305776542	0.000177619893428064
Master_Finiciomora_lag1	1.68812722393733e-05	4.38154650118486e-05	0.00011101243339254
vm_status03_lag1	1.64316866880285e-05	4.81899238023442e-06	8.8809946714032e-05
ccajas_extracciones_delta1	1.62724073803306e-05	0.000210317737556289	0.000133214920071048
vm_mpagosdolares_rank	1.62507155632625e-05	7.09160904640354e-05	8.8809946714032e-05
mforex_sell_rank_delta1	1.61930975029676e-05	0.000225240239440396	0.000177619893428064
vmr_msaldodolares	1.5799338411441e-05	0.000145836260924167	0.000155417406749556
cextraccion_autoservicio	1.56221856160251e-05	0.00116902856700045	0.000466252220248668
ccaja_seguridad_delta1	1.55649879606624e-05	0.00153786966059881	0.000577264653641208
ccallcenter_transacciones_lag1	1.52509015503608e-05	0.000106734948754314	0.00011101243339254
Visa_Fvencimiento_delta1	1.48150898652519e-05	7.55646662910943e-06	6.6607460035524e-05
vm_msaldodolares_rank	1.41864419808596e-05	9.55171879009176e-05	0.000133214920071048
mcajeros_propios_descuentos_rank	1.37304162983661e-05	5.86354287134352e-05	8.8809946714032e-05
cforex_buy	1.36766749558442e-05	0.000858670268765621	0.000310834813499112
cforex_sell_lag1	1.23828622220676e-05	5.47287030379914e-05	4.4404973357016e-05
Visa_madelantodolares_rank	1.19931129938089e-05	4.31341474894067e-06	8.8809946714032e-05
Visa_madelantopesos_rank	1.15761908129904e-05	6.07099962856077e-06	4.4404973357016e-05
Visa_madelantopesos_rank_delta1	1.15739438739829e-05	5.08979685932571e-05	0.00011101243339254
ccheques_emitidos_delta1	1.15732282117673e-05	0.000118359398681208	4.4404973357016e-05
ccajeros_propios_descuentos_delta1	1.09288736344417e-05	3.02985335666664e-05	8.8809946714032e-05
Master_cadelantosefectivo_lag1	1.07437329381171e-05	1.45965462288585e-05	6.6607460035524e-05
ccheques_depositados	1.06612870761662e-05	0.000122903134970029	4.4404973357016e-05
cplazo_fijo_lag1	1.04784087343872e-05	5.6818519997544e-05	2.2202486678508e-05
Master_cadelantosefectivo	9.948712940883e-06	9.94462297530151e-06	8.8809946714032e-05
ctarjeta_master_debitos_automaticos_delta1	9.43409818494832e-06	0.00078732661430451	0.000288632326820604
ctarjeta_master_debitos_automaticos_lag1	9.40428652322543e-06	0.000117020497820036	6.6607460035524e-05
mtarjeta_master_descuentos_rank_lag1	9.0368765646381e-06	1.90202633301137e-05	8.8809946714032e-05
cseguro_accidentes_personales	8.93070975324775e-06	0.000241821042464032	0.00011101243339254
cprestamos_prendarios_lag1	8.90047374982894e-06	0.000212803108747029	8.8809946714032e-05
ctarjeta_master_delta1	8.80763657196157e-06	6.5521759154447e-05	4.4404973357016e-05
Master_madelantodolares_rank	8.55737550388585e-06	3.69855759009569e-06	8.8809946714032e-05
ccheques_emitidos	8.45227982376073e-06	0.000489743513593332	0.000177619893428064
mtarjeta_master_descuentos_rank	8.03891705755438e-06	3.94844297817584e-05	6.6607460035524e-05
ccajas_depositos_delta1	8.02188471121758e-06	3.85346904970034e-06	2.2202486678508e-05
Visa_cadelantosefectivo	7.99702864774155e-06	3.88371211826962e-06	8.8809946714032e-05
vm_status05_lag1	6.92644662320892e-06	6.28688539166827e-06	2.2202486678508e-05
ctarjeta_visa_descuentos_lag1	6.92550876175755e-06	0.000260597501564203	0.00011101243339254
cinversion2_lag1	6.75888419875843e-06	8.61470669983456e-05	4.4404973357016e-05
Master_madelantodolares_rank_lag1	6.51104826005072e-06	3.56675267173459e-06	6.6607460035524e-05
Master_madelantopesos_rank_delta1	5.81523015172658e-06	1.72190224299147e-06	4.4404973357016e-05
cseguro_accidentes_personales_delta1	5.04412321800444e-06	6.24430101248913e-05	6.6607460035524e-05
Master_madelantopesos_rank	4.8089190696401e-06	3.31283642424636e-06	4.4404973357016e-05
Master_cadelantosefectivo_delta1	4.62055362506425e-06	5.06700413931635e-06	4.4404973357016e-05
ccheques_depositados_delta1	4.55131962523986e-06	0.000120718915934028	4.4404973357016e-05
minversion1_dolares_rank_lag1	4.48097914615545e-06	0.000491612539880117	0.000177619893428064
Master_madelantodolares_rank_delta1	4.07781893840219e-06	5.80032300256489e-06	4.4404973357016e-05
cforex_lag1	4.06973116801234e-06	0.000113216728755425	4.4404973357016e-05
ccajeros_propios_descuentos	3.52170389612381e-06	1.19199997914516e-05	2.2202486678508e-05
cseguro_auto_lag1	3.08488357069473e-06	1.01650184657744e-06	2.2202486678508e-05
ctarjeta_master_lag1	2.84815295253442e-06	2.16462496797894e-05	2.2202486678508e-05
mcheques_depositados_rechazados_rank_lag1	2.83665660774458e-06	4.83426036442835e-05	2.2202486678508e-05
vm_msaldodolares_rank_delta1	1.82158353267132e-06	5.69431883885793e-05	2.2202486678508e-05
mpagodeservicios_rank_lag1	7.08939300564851e-07	5.86788290278233e-05	2.2202486678508e-05
