Feature	Gain	Cover	Frequency
ctrx_quarter_normalizado	0.105777231517148	0.00845403866877351	0.00561722912966252
mcaja_ahorro_rank	0.0831339759893996	0.01028970359002	0.0077708703374778
ctrx_quarter	0.0764412353589031	0.00576227318559874	0.00435168738898757
mcuenta_corriente_rank	0.0398080926382956	0.00771283902700156	0.0117673179396092
cdescubierto_preacordado	0.0314116119231964	0.00477041413852406	0.00663854351687389
mtarjeta_visa_consumo_rank	0.028721938754227	0.0026511152864594	0.0030417406749556
mpayroll_sobre_edad_rank	0.0274344308459339	0.00498876427867102	0.00317495559502664
mpayroll_rank	0.0243665106158428	0.00798541497940707	0.00490674955595027
vm_status06_delta1	0.0232909205176634	0.00152568833174399	0.000821492007104796
mprestamos_personales_rank	0.0231114765317505	0.0102550504013972	0.00994671403197158
ctrx_quarter_lag1	0.0224173902579237	0.00185404692236614	0.00246447602131439
Visa_status	0.0202931321603608	0.00190469613844792	0.0019316163410302
vm_status01	0.0181742679641986	0.0011126113566332	0.00179840142095915
vm_mpagospesos_rank	0.0179739659570561	0.000626823391777583	0.00157637655417407
mcuentas_saldo_rank	0.0170470523480378	0.0128112451375091	0.0100355239786856
mprestamos_personales_rank_delta1	0.0167352023899571	0.0199257720496337	0.0128774422735346
foto_mes	0.0137077553490458	0.0112561013947574	0.0159191829484902
mcaja_ahorro_rank_lag1	0.0135354815884355	0.00381099572021073	0.00501776198934281
ctarjeta_visa_transacciones	0.0129432008790503	0.00601036374618461	0.00437388987566608
ctarjeta_visa	0.012745151158254	0.00117088575138939	0.00088809946714032
ctrx_quarter_normalizado_lag1	0.0120560727252391	0.00121818283121466	0.00244227353463588
cdescubierto_preacordado_delta1	0.0106954526189225	0.00825270907687668	0.00490674955595027
vm_Finiciomora	0.0103098633292431	0.0039752884103392	0.00273090586145648
ctrx_quarter_delta1	0.0101434412720968	0.00470895467802852	0.00484014209591474
cpayroll_trx	0.00965880675186838	0.00679810294150074	0.0024866785079929
mprestamos_personales_rank_lag1	0.00950472724268356	0.00629443773931488	0.00650532859680284
cproductos_delta1	0.00879681661672561	0.00532736376377252	0.00290852575488455
Master_status	0.00761316093034454	0.00150266736156216	0.00130994671403197
mpasivos_margen_rank	0.00758864524553154	0.00280619349435103	0.00477353463587922
mpayroll_sobre_edad_rank_lag1	0.0071671880422466	0.00265859814495006	0.00255328596802842
ccomisiones_mantenimiento_delta1	0.00596524706332622	0.00297220572138997	0.00155417406749556
mautoservicio_rank	0.00565213704481128	0.00262092986748163	0.00188721136767318
Visa_delinquency	0.00561945866775395	0.000969024430987588	0.00239786856127886
vm_Finiciomora_lag1	0.00535447530029092	0.00451453804109241	0.00270870337477797
mpayroll_rank_lag1	0.00508654752129703	0.00183753888824285	0.00177619893428064
mactivos_margen_rank	0.0048426944003008	0.012055081900872	0.0100355239786856
mcuentas_saldo_rank_delta1	0.00457951749770137	0.00450874367202967	0.00603907637655417
tcallcenter	0.00449633529639573	0.00230048536320023	0.00475133214920071
ctrx_quarter_normalizado_delta1	0.00433730003281837	0.0053104271313779	0.00508436944937833
Visa_mpagospesos_rank	0.00427765913803626	0.00105763535323431	0.0033303730017762
internet	0.00413338742652286	0.00365755034232994	0.00224245115452931
thomebanking	0.00412724762809159	0.00328264624701167	0.00519538188277087
vm_Finiciomora_delta1	0.00394692001961906	0.00263888428525511	0.00213143872113677
ccaja_ahorro	0.0039042115765219	0.00388646066317721	0.00197602131438721
Visa_Finiciomora	0.0038058782881412	0.00402599466982688	0.00228685612788632
vmr_mpagospesos	0.00363719332787344	0.00088550395802285	0.00213143872113677
internet_lag1	0.00358413684330162	0.00363061206099014	0.0025088809946714
Visa_msaldototal_rank	0.00312006850037238	0.000984696466663642	0.00281971580817052
vm_msaldopesos_rank	0.00289171804506031	0.000774301563458383	0.00148756660746004
ccaja_seguridad	0.0028668862144841	0.00792700426175202	0.00288632326820604
Visa_msaldopesos_rank	0.00284170951905063	0.00180950803999491	0.00299733570159858
mrentabilidad_annual_rank_lag1	0.00280506363229975	0.00608599322235541	0.00885879218472469
cpayroll_trx_lag1	0.00263152236961052	0.0003490261108806	0.000399644760213144
mrentabilidad_annual_rank	0.00248034786833394	0.0101311308795551	0.00988010657193606
Visa_mpagominimo_rank	0.00235272742152183	0.00466456459752201	0.00588365896980462
cprestamos_personales_delta1	0.00234290709051693	0.00445023563689403	0.00186500888099467
cliente_vip_lag1	0.00233186353142784	0.00311612957911401	0.00226465364120782
Visa_Finiciomora_delta1	0.00228732984369763	0.00166679328103772	0.00117673179396092
vm_mpagominimo_rank	0.0022808286284657	0.00185113835452672	0.00279751332149201
ccaja_ahorro_delta1	0.00227651668035511	0.00408653144804204	0.00204262877442274
mrentabilidad_annual_rank_delta1	0.00225536789303638	0.00672561184451306	0.00974689165186501
mcomisiones_mantenimiento_rank	0.00217330852832529	0.0101037340596525	0.00801509769094139
mcuenta_corriente_rank_lag1	0.00212772376075647	0.00565091193218412	0.00717140319715808
mcuenta_debitos_automaticos_rank	0.00211743077243621	0.00371775791573758	0.00297513321492007
mplazo_fijo_dolares_rank	0.00200484846116401	0.0076842512616521	0.0030639431616341
mpayroll_rank_delta1	0.00193390173620651	0.00855746586027538	0.00424067495559503
active_quarter	0.00191952374722485	0.00180325937660172	0.00157637655417407
mcomisiones_mantenimiento_rank_delta1	0.00187623919540604	0.00286859298312017	0.00344138543516874
Visa_Finiciomora_lag1	0.00183828994186483	0.00171180968568511	0.00133214920071048
vm_status04	0.00183562905505652	0.000918610308473509	0.00088809946714032
Visa_mpagominimo_rank_lag1	0.00178712918424823	0.00230876556071707	0.0044404973357016
vm_mconsumospesos_rank	0.00173927353924596	0.000797541965067751	0.00128774422735346
mtarjeta_master_consumo_rank	0.00171757888521756	0.00183456628785399	0.0013765541740675
cliente_vip_delta1	0.00169383200506458	0.00355420909653384	0.0044404973357016
Master_delinquency	0.00169164894872175	0.00110817057477021	0.000865896980461812
mttarjeta_visa_debitos_automaticos_rank_delta1	0.00166798870807583	0.00362744641722724	0.00386323268206039
ccaja_seguridad_lag1	0.00161702001019534	0.0008556662893028	0.0005550621669627
Master_fechaalta_lag1	0.00154604319836278	0.00394464265361313	0.00586145648312611
cliente_edad_lag1	0.0015291414906278	0.00882901376271828	0.00732682060390764
mtransferencias_recibidas_rank	0.0015239694598965	0.00619454993775698	0.00732682060390764
mcaja_ahorro_dolares_rank_delta1	0.00146246230282991	0.0027967950799999	0.00259769094138544
mcaja_ahorro_rank_delta1	0.00143469803161244	0.00556568140263234	0.00623889875666075
cdescubierto_preacordado_lag1	0.00141841281901797	0.00311724772674886	0.00406305506216696
vm_status02	0.00141276459972162	0.000920440080093559	0.00119893428063943
vm_fechaalta	0.00136688939008707	0.00627524912644393	0.00541740674955595
mpagomiscuentas_rank	0.0013624122725739	0.00361295457801817	0.0024866785079929
Master_fechaalta	0.00134876933271581	0.00640233385378577	0.00714920071047957
cproductos	0.00132150899186926	0.00135925837074595	0.00077708703374778
mactivos_margen_rank_lag1	0.0013024880628727	0.00830511736581624	0.00672735346358792
mcuenta_corriente_rank_delta1	0.00130016886251947	0.00363475733817339	0.00350799289520426
Visa_fechaalta	0.00128166037588406	0.00427494291135151	0.0049955595026643
ctarjeta_visa_transacciones_delta1	0.00127877271680788	0.00689987315238685	0.00339698046181172
Visa_delinquency_lag1	0.00127042992581908	0.000564524126865548	0.00188721136767318
mtransferencias_emitidas_rank	0.0012530120915727	0.00442541308233115	0.00430728241563055
chomebanking_transacciones	0.00124221299230885	0.00438399804726042	0.00572824156305506
mactivos_margen_rank_delta1	0.00123756852018208	0.00321485471473	0.00719360568383659
cliente_edad	0.00122246478118206	0.00526198858370614	0.00672735346358792
vm_msaldototal_rank	0.00120578156373823	0.000449149398136376	0.0013765541740675
vm_msaldototal_rank_lag1	0.0011953350728018	0.000607687531947179	0.000976909413854352
mtarjeta_visa_consumo_rank_delta1	0.00117964608471489	0.00367976278624262	0.00235346358792185
vm_status06	0.00117949434049682	0.000254378552328048	0.000643872113676732
mpayroll_sobre_edad_rank_delta1	0.00112532650865775	0.00535257519612759	0.00268650088809947
mcomisiones_mantenimiento_rank_lag1	0.00112312961356997	0.00667511908836748	0.00619449378330373
thomebanking_lag1	0.00112078920327229	0.000916149691682435	0.00401865008880995
vm_fechaalta_lag1	0.00108270709266903	0.00207340160773224	0.00408525754884547
mcomisiones_otras_rank_lag1	0.0010746983307235	0.00157321935181294	0.00512877442273535
mcomisiones_rank_lag1	0.00103075734345721	0.0025554440605755	0.00441829484902309
mcuentas_saldo_rank_lag1	0.00103044362082861	0.00617659455119132	0.00519538188277087
mrentabilidad_rank_delta1	0.00102480582916963	0.00129358085832166	0.00503996447602131
mcomisiones_otras_rank_delta1	0.001012655536667	0.00161243684330096	0.00441829484902309
tcuentas_lag1	0.00101098815765905	0.00386648829743701	0.00237566607460036
vm_status02_lag1	0.00100456989745262	0.00103156370262764	0.000710479573712256
mrentabilidad_rank	0.000949962338535969	0.00189521874446809	0.00492895204262877
vm_mpagominimo_rank_lag1	0.000941285859465573	0.00276029631921805	0.0030639431616341
mpasivos_margen_rank_delta1	0.000934728061949194	0.0053140136692077	0.00575044404973357
vmr_mpagominimo	0.000907466520965619	0.00150049219246539	0.00261989342806394
Visa_fechaalta_lag1	0.000900655073023562	0.00121339545241797	0.00366341030195382
mrentabilidad_rank_lag1	0.000896186956683089	0.00192084904103978	0.00521758436944938
mcomisiones_rank_delta1	0.000893326816978071	0.0013608714789161	0.00410746003552398
chomebanking_transacciones_lag1	0.000872888284081851	0.00276006733826764	0.00446269982238011
mprestamos_prendarios_rank	0.000868170685388836	0.00737055019676735	0.0027753108348135
vmr_mpagominimo_lag1	0.000863388246371948	0.00286877396272498	0.00273090586145648
Visa_mfinanciacion_limite_rank	0.000862781768041682	0.00353535693134523	0.00495115452930728
ccaja_ahorro_lag1	0.000843533370400419	0.00103531283607741	0.00153197158081705
mtransferencias_recibidas_rank_lag1	0.00083568907220389	0.00597989970719072	0.0061056838365897
chomebanking_transacciones_delta1	0.000835661895699442	0.00469012578691858	0.00464031971580817
Visa_mconsumospesos_rank	0.000828131454975584	0.0025392736043921	0.0038854351687389
cmobile_app_trx_lag1	0.000819367324322178	0.00720713244130494	0.00595026642984014
cliente_antiguedad_lag1	0.000804534315181663	0.00180904772531309	0.00419626998223801
mcaja_ahorro_dolares_rank	0.000800181203807949	0.00547538522026495	0.00401865008880995
numero_de_cliente	0.000791816230059258	0.00645126325615932	0.00628330373001776
vmr_msaldototal_lag1	0.000766701917482823	0.000475861143572687	0.00150976909413854
ccajas_transacciones_delta1	0.000763213053572672	0.00280628647533331	0.00235346358792185
tcallcenter_delta1	0.00076089201182765	0.00157671177840292	0.001398756660746
mtransferencias_emitidas_rank_delta1	0.000715269735907654	0.00322021891700075	0.00270870337477797
Visa_mconsumototal_rank	0.000712268210543336	0.0022800755877932	0.00355239786856128
mcomisiones_otras_rank	0.00069462004610878	0.000754994042881233	0.00457371225577265
mttarjeta_visa_debitos_automaticos_rank	0.000694327777477469	0.0020043173145595	0.00377442273534636
Visa_Fvencimiento	0.000678382354161596	0.00160078813232657	0.00452930728241563
mpasivos_margen_rank_lag1	0.000674985675469192	0.000852541265611795	0.00415186500888099
cliente_antiguedad	0.000669301659007772	0.00211635543077343	0.00399644760213144
vm_cconsumos_lag1	0.000660682358583787	0.00264494569496084	0.00242007104795737
Master_Fvencimiento	0.000659356365696419	0.00299804963663616	0.00510657193605684
mtransferencias_emitidas_rank_lag1	0.00065868074404225	0.00276760629443851	0.00326376554174068
Visa_mpagominimo_rank_delta1	0.000657583055451779	0.00529179928771067	0.00375222024866785
Visa_mlimitecompra_rank	0.000652203725906979	0.0011877335547682	0.00399644760213144
Visa_mpagospesos_rank_delta1	0.000641616077046977	0.00165978183220592	0.00397424511545293
mcaja_ahorro_dolares_rank_lag1	0.000640595493668139	0.0066042803586995	0.00492895204262877
Visa_mfinanciacion_limite_rank_lag1	0.000637071540151533	0.000766453700982698	0.00386323268206039
Master_mfinanciacion_limite_rank	0.000629106642119116	0.00161073755876024	0.00410746003552398
Master_Fvencimiento_lag1	0.000626304106092649	0.00107788080303535	0.00448490230905861
mcomisiones_rank	0.000610641333870464	0.000677618987743649	0.0041740674955595
vm_mconsumototal_rank	0.00060749671306882	0.000608321237361767	0.00104351687388988
vmr_mpagominimo_delta1	0.000594444950052667	0.0017805609450146	0.00228685612788632
Visa_msaldopesos_rank_delta1	0.000565459886848195	0.00161700956543154	0.00261989342806394
Visa_cconsumos_lag1	0.000565411851714477	0.0010664106727518	0.0027753108348135
vmr_msaldopesos2	0.000560403517330288	0.00373805060569037	0.00341918294849023
cplazo_fijo	0.000559280577987533	0.00603100893809007	0.00219804618117229
Visa_Fvencimiento_lag1	0.000541451385187893	0.00125025075178656	0.00381882770870338
Visa_mlimitecompra_rank_lag1	0.000530090521032788	0.000750338835016932	0.00308614564831261
cmobile_app_trx_delta1	0.000527701600913843	0.00551979654499986	0.00464031971580817
ccajas_consultas_delta1	0.000527491685106693	0.00351903206814238	0.00144316163410302
Visa_mconsumototal_rank_lag1	0.000525827728222469	0.000911365080863384	0.00301953818827709
Master_msaldototal_rank	0.000524914947083154	0.0035532813165613	0.0024866785079929
ccomisiones_otras	0.000522147702597928	0.00164199792185516	0.00257548845470693
vmr_msaldopesos	0.000515967014650233	0.000649905764930089	0.00170959147424512
Visa_msaldopesos_rank_lag1	0.000514865788887882	0.0026946735666181	0.00301953818827709
vmr_msaldopesos_lag1	0.000513010411161713	0.000415037072344799	0.00155417406749556
vm_Fvencimiento	0.000509786551249381	0.00191796939856672	0.00384103019538188
Visa_mconsumospesos_rank_lag1	0.000507195981686928	0.00106406402744013	0.0030417406749556
vm_mpagospesos_rank_delta1	0.000489847208102056	0.00279640534874795	0.00259769094138544
Master_Finiciomora	0.000489266497164036	0.00179526561863784	0.000954706927175844
Master_mlimitecompra_rank	0.000487782229108258	0.00124302965171488	0.00330817051509769
cmobile_app_trx	0.000483477639483056	0.0043985858891607	0.0035968028419183
Master_Finiciomora_delta1	0.000477143279742904	0.00250045382515824	0.00130994671403197
active_quarter_lag1	0.000474042155304903	0.000628877554118453	0.000821492007104796
Master_msaldopesos_rank	0.000467979290796855	0.00269112398128982	0.00219804618117229
vm_Fvencimiento_lag1	0.000465919880995489	0.00166915097519348	0.00377442273534636
Master_mfinanciacion_limite_rank_lag1	0.000465500976392726	0.00226240894742853	0.0033303730017762
Master_mlimitecompra_rank_lag1	0.000461424713552236	0.00192053946580704	0.00355239786856128
vm_status05_delta1	0.000458085227255699	0.000621877223330178	0.0005550621669627
Master_mpagominimo_rank	0.000444677083549993	0.000913375393825114	0.00190941385435169
vm_mfinanciacion_limite_rank	0.000440040746545822	0.000753360036479893	0.0022202486678508
Master_mlimitecompra_rank_delta1	0.000438727800484422	0.00114197300239832	0.00328596802841918
vm_msaldopesos_rank_lag1	0.000438310435158141	0.0010403760438461	0.00159857904085258
mttarjeta_visa_debitos_automaticos_rank_lag1	0.000427456652277233	0.00086184197035217	0.00290852575488455
vm_fultimo_cierre	0.000425631329371667	0.00432839904129382	0.00341918294849023
mcheques_emitidos_rechazados_rank_lag1	0.000417563137057769	0.00283731686561917	0.00117673179396092
Visa_cconsumos	0.0004155085758448	0.00111657826072393	0.00233126110124334
Visa_msaldototal_rank_lag1	0.000414659195022292	0.00159777708011496	0.00264209591474245
ctarjeta_debito_delta1	0.000414027459810468	0.00652837500742374	0.0025088809946714
Visa_mpagospesos_rank_lag1	0.00041143576159159	0.000569600759325799	0.00281971580817052
vm_mfinanciacion_limite_rank_lag1	0.000405397003110759	0.000658809726208487	0.00230905861456483
Master_fultimo_cierre_delta1	0.000402582549121819	0.000270321503815784	0.00113232682060391
Master_fultimo_cierre	0.000398909114332295	0.000589567104714635	0.00270870337477797
tcallcenter_lag1	0.000393175447424523	0.00088950269385646	0.00230905861456483
Master_mfinanciacion_limite_rank_delta1	0.00039128268554784	0.00231530237058276	0.00339698046181172
Master_mpagominimo_rank_lag1	0.000390395398716689	0.0023779972948322	0.00213143872113677
vmr_msaldototal	0.000386267751797345	0.000411490370326561	0.00135435168738899
ccajas_consultas	0.000385788992001147	0.00529722883732024	0.0019538188277087
minversion2_rank	0.000385006478760452	0.00691171236942243	0.00259769094138544
mplazo_fijo_dolares_rank_delta1	0.000377341556467994	0.00183901950254988	0.00106571936056838
Visa_mfinanciacion_limite_rank_delta1	0.000377194320083718	0.00306526109307005	0.00366341030195382
vmr_Master_mlimitecompra_lag1	0.000374891129067327	0.00168112863724411	0.0027753108348135
ccajas_transacciones	0.000374485379919518	0.000519560475258713	0.00235346358792185
vm_mconsumospesos_rank_delta1	0.00037181750027025	0.000481423533042576	0.0011101243339254
Master_mpagospesos_rank	0.00036843516242644	0.000939059988891548	0.001398756660746
mcuenta_debitos_automaticos_rank_delta1	0.000366109966771877	0.00198282832773644	0.0022202486678508
Visa_status_lag1	0.000359879529108413	0.000839395701528208	0.000488454706927176
Visa_status_delta1	0.000354260121590707	0.000967425278038053	0.00102131438721137
Visa_mconsumosdolares_rank_lag1	0.00034870283660148	0.000283258546917028	0.00239786856127886
vm_mlimitecompra_rank	0.000343100755055294	0.00122553995432095	0.00206483126110124
minversion1_pesos_rank	0.000337379006855447	0.00188212311931445	0.000688277087033748
mtransferencias_recibidas_rank_delta1	0.000334442109195397	0.000651520187889614	0.00261989342806394
Master_fultimo_cierre_lag1	0.00033047850977269	0.00115779003396983	0.0024866785079929
Visa_msaldototal_rank_delta1	0.000330007396123694	0.000719464051207496	0.0019316163410302
mcheques_emitidos_rank_lag1	0.00032413095606254	0.00355039546920502	0.00164298401420959
ctarjeta_visa_debitos_automaticos_delta1	0.000323426971682003	0.00187462118484454	0.00115452930728242
ccomisiones_mantenimiento_lag1	0.000323312732874708	0.0038165874733101	0.00182060390763766
mtarjeta_master_consumo_rank_delta1	0.000321595218503596	0.00348087879485816	0.00168738898756661
vm_mlimitecompra_rank_lag1	0.000317102636744997	0.000498179185832397	0.00173179396092362
ctarjeta_debito_transacciones_delta1	0.000316124154532712	0.00701582468152359	0.00308614564831261
ccomisiones_otras_delta1	0.00031549128909073	0.00273958093601289	0.00175399644760213
vmr_Master_mlimitecompra	0.00031499600729348	0.00173107799324567	0.0024866785079929
mautoservicio_rank_lag1	0.000306296779292055	0.00260708384358933	0.00228685612788632
vmr_msaldopesos2_lag1	0.000301786444044955	0.00255334710991359	0.00235346358792185
ctransferencias_recibidas	0.000300415118330418	0.00432115796565016	0.0024866785079929
vm_fultimo_cierre_lag1	0.00030032409390638	0.0028570488325012	0.00268650088809947
ccomisiones_otras_lag1	0.000293433490634207	0.000965428089903642	0.00179840142095915
Visa_fultimo_cierre	0.000292852965148191	0.000724053012140239	0.00184280639431616
vmr_Visa_mlimitecompra_lag1	0.000290558914828338	0.000885505849474238	0.0019316163410302
Master_mpagospesos_rank_lag1	0.000286298414864102	0.00118041882785279	0.00226465364120782
ccajas_transacciones_lag1	0.000284886526514043	0.000280869828345197	0.00213143872113677
Visa_fultimo_cierre_lag1	0.000281004086943092	0.00093981936049107	0.0022202486678508
vm_mlimitecompra_rank_delta1	0.000274152954549913	0.00213746165242161	0.00246447602131439
Visa_mconsumosdolares_rank	0.000271875502888471	0.000331453351090948	0.00226465364120782
vm_cconsumos	0.000267431414385536	0.00255389521561961	0.00157637655417407
vmr_mconsumototal	0.000265382159924322	0.00197656010396791	0.00208703374777975
vmr_mpagospesos_delta1	0.000264673960300074	0.00395024072692812	0.00242007104795737
vm_status01_delta1	0.000263289133489129	0.000294373914732826	0.0005550621669627
vmr_Visa_mlimitecompra	0.000261837023175317	0.000678219454360056	0.00197602131438721
cprestamos_personales_lag1	0.000261713006351051	0.00147397625838075	0.00115452930728242
mextraccion_autoservicio_rank	0.000259384124558361	0.000370157797923075	0.00142095914742451
vm_fultimo_cierre_delta1	0.0002527359972968	0.000381706054375555	0.000910301953818828
Visa_mlimitecompra_rank_delta1	0.000249609528966373	0.000432278459077779	0.00213143872113677
mpagomiscuentas_rank_lag1	0.00024313155280046	0.00261010472212156	0.00217584369449378
Master_mconsumototal_rank_lag1	0.000242018336518265	0.000591549991631232	0.00179840142095915
vmr_mconsumospesos	0.000239633800529426	0.00152737569091437	0.00186500888099467
mautoservicio_rank_delta1	0.000239257769837509	0.00121326242802581	0.00177619893428064
vmr_mpagospesos_lag1	0.000238540103008549	0.000368783289425645	0.001398756660746
cinversion1	0.00023704418750671	0.00298787083712192	0.00108792184724689
mcuenta_debitos_automaticos_rank_lag1	0.000232271808826201	0.00294659173281988	0.00208703374777975
vmr_msaldopesos2_delta1	0.000232119236576109	0.00132289932363557	0.0013765541740675
Master_msaldototal_rank_delta1	0.00023163019603809	0.00058391473290491	0.00170959147424512
ctarjeta_debito_lag1	0.000230684897227516	0.0015027308174496	0.001398756660746
Master_mconsumototal_rank	0.00022726544827586	0.000266500725878055	0.00130994671403197
vm_status04_delta1	0.000224314667847746	0.000603733037622876	0.000532859680284192
Master_mconsumospesos_rank_lag1	0.000221879165937464	0.000571026037146474	0.00175399644760213
Master_mconsumospesos_rank	0.00022181699520306	0.000265106103409762	0.00142095914742451
Visa_mconsumospesos_rank_delta1	0.000220624836665909	0.000309423916633347	0.00175399644760213
ccajas_depositos	0.000219965581171815	0.00420355254680602	0.00153197158081705
matm_rank	0.000219943428602746	0.000284450322757145	0.00099911190053286
Visa_mconsumosdolares_rank_delta1	0.000217477401988333	0.000718043617347694	0.00159857904085258
vm_mfinanciacion_limite_rank_delta1	0.00021588516715511	0.000595088597314869	0.00168738898756661
vmr_mconsumototal_lag1	0.000215100090262023	0.00109634003073124	0.00162078152753108
vm_status01_lag1	0.0002098161752764	0.00151118634328356	0.000821492007104796
vm_msaldopesos_rank_delta1	0.000207482969652424	0.00117612813957742	0.00130994671403197
cpagomiscuentas_delta1	0.000206385053491886	0.00291551073467613	0.00124333925399645
ccallcenter_transacciones_delta1	0.00020476671452898	0.00228437109696296	0.00119893428063943
ctransferencias_recibidas_delta1	0.000204148858896339	0.00235466568835954	0.00159857904085258
matm_rank_lag1	0.000202117013193281	0.000863201047374248	0.00146536412078153
cforex_buy_delta1	0.000200482076731557	0.00331323978122623	0.00128774422735346
vm_mpagominimo_rank_delta1	0.000200127644199155	0.00178574449061126	0.0016651865008881
Visa_mconsumototal_rank_delta1	0.000199600641495075	0.000386191170013773	0.0016651865008881
Visa_fultimo_cierre_delta1	0.000195840280613431	0.000676210617653069	0.00124333925399645
ctarjeta_visa_transacciones_lag1	0.000195306200169641	0.000508323916155169	0.00128774422735346
mextraccion_autoservicio_rank_delta1	0.000194195968099263	0.00167558207137974	0.00155417406749556
mextraccion_autoservicio_rank_lag1	0.00019304401471177	0.000331179805700507	0.00130994671403197
Master_msaldopesos_rank_lag1	0.000180690123076158	0.000367664795793593	0.00115452930728242
mcheques_depositados_rank_lag1	0.000179558339395629	0.00169242463866751	0.000688277087033748
vmr_mconsumototal_delta1	0.000178488359355585	0.00215864770715826	0.0016651865008881
vmr_mconsumospesos_lag1	0.000175645069526456	0.000673543625062325	0.00130994671403197
vm_mconsumototal_rank_lag1	0.000173429938683845	0.000332716425421819	0.00099911190053286
vm_msaldototal_rank_delta1	0.000173068001184653	0.000712570103026584	0.00106571936056838
vm_mpagado_rank_delta1	0.000172606115450132	0.00305914379328244	0.00144316163410302
vm_fechaalta_delta1	0.000170946086727599	0.000217918820030943	0.000377442273534636
mcheques_emitidos_rank_delta1	0.00017064366403997	0.00278463837592882	0.00108792184724689
Master_mpagominimo_rank_delta1	0.000170260577764847	0.00152653918500456	0.00153197158081705
ctarjeta_visa_debitos_automaticos_lag1	0.000167336694669239	0.00208135857465997	0.001398756660746
vmr_msaldopesos_delta1	0.000167212840477849	0.000319148052753462	0.000932504440497336
Visa_mpagado_rank	0.00016350993844991	0.00245679342969104	0.00130994671403197
Master_mpagospesos_rank_delta1	0.000162608780612278	0.00026390468578086	0.00117673179396092
ccajas_depositos_lag1	0.000161443334204112	0.004464059170968	0.00168738898756661
vm_mconsumosdolares_rank_lag1	0.000160519381755781	0.00281128691920897	0.00182060390763766
vmr_mconsumosdolares	0.000160442390225647	0.000519430933905081	0.00104351687388988
vmr_msaldototal_delta1	0.000159831611752918	0.000589634735635014	0.00104351687388988
vm_mpagospesos_rank_lag1	0.000158479341708071	0.000437331194664389	0.00099911190053286
vmr_mconsumospesos_delta1	0.000156719463522659	0.00207776677767265	0.00155417406749556
vmr_mconsumosdolares_lag1	0.000156617776892216	0.000713904798778934	0.00126554174067496
cseguro_vida_lag1	0.000155642030573254	0.00344375260274437	0.00157637655417407
cprestamos_personales	0.000155058802615033	0.000582393475459509	0.000421847246891652
vm_status05	0.000154973431785211	0.000242362576853561	0.000310834813499112
Master_msaldopesos_rank_delta1	0.000154966686600123	0.000332926999320912	0.00115452930728242
vm_mconsumospesos_rank_lag1	0.000152248292442285	0.000386901548409036	0.000954706927175844
matm_other_rank_lag1	0.000152208221142755	0.000701633246702196	0.00102131438721137
vm_status02_delta1	0.000151577381177911	0.000459145003663702	0.000510657193605684
Master_msaldototal_rank_lag1	0.00015062221713243	0.000353016381315922	0.00106571936056838
Visa_cconsumos_delta1	0.00014725469987728	0.000127360671646247	0.000732682060390764
ccajas_extracciones	0.000146674794276391	0.00583411855953557	0.00213143872113677
Master_cconsumos_delta1	0.000146179017622956	0.00228204071351992	0.00117673179396092
mcheques_emitidos_rank	0.000145709886049199	0.00257496660688245	0.00122113676731794
Visa_fechaalta_delta1	0.000143316629467691	0.000244466931855668	0.0005550621669627
mprestamos_hipotecarios_rank_lag1	0.000143167838939296	0.00344508879781794	0.00126554174067496
vm_mconsumototal_rank_delta1	0.000142149102336078	0.000335067776295487	0.000910301953818828
mtarjeta_visa_consumo_rank_lag1	0.000140739742395075	0.000418492523366783	0.000910301953818828
vm_status03	0.000140631539889001	0.000128659522088137	0.000532859680284192
ctarjeta_debito_transacciones	0.000138852624007586	0.00227164942558872	0.00119893428063943
mv_status07_rank	0.00013522461812577	0.00310856045198685	0.00124333925399645
cplazo_fijo_delta1	0.000134880814378655	0.000766289444576143	0.000355239786856128
ctarjeta_visa_delta1	0.000134248082621146	0.000579774668746211	0.000377442273534636
thomebanking_delta1	0.000132873327576851	0.00108518734135024	0.00106571936056838
vmr_Visa_mlimitecompra_delta1	0.00013172400286177	0.00352336363022092	0.00135435168738899
mprestamos_prendarios_rank_lag1	0.000130933769135697	0.000507636627306734	0.000244227353463588
ctarjeta_debito_transacciones_lag1	0.000124400004716437	0.000577150026213385	0.00088809946714032
Visa_msaldodolares_rank	0.000124350703597387	0.00189031575647189	0.00122113676731794
vm_status04_lag1	0.000124347515173012	0.000284782180209905	0.000288632326820604
mttarjeta_master_debitos_automaticos_rank_delta1	0.000124142554926686	0.00294349630342316	0.00130994671403197
vm_cconsumos_delta1	0.000124073454300642	0.000403729699146589	0.000355239786856128
Visa_delinquency_delta1	0.000122175167254635	9.42154311097211e-05	0.000532859680284192
mforex_buy_rank	0.000121828936645653	0.0016936780712096	0.000865896980461812
ctarjeta_visa_lag1	0.000121242343176687	0.00306926471899749	0.00122113676731794
vmr_mpagado	0.000121141503463056	0.00251154787954619	0.0013765541740675
mforex_buy_rank_delta1	0.000120473563240839	0.0030573521505544	0.00135435168738899
ctransferencias_recibidas_lag1	0.000119805430526234	0.00148557117832297	0.00113232682060391
vm_mpagado_rank	0.000119434098545357	0.00293782044993644	0.001398756660746
Master_delinquency_lag1	0.000116860188022964	7.50962022116482e-05	0.00033303730017762
vmr_mpagosdolares_lag1	0.000116052189833674	0.000555183263382888	0.000754884547069272
mtarjeta_visa_descuentos_rank_delta1	0.000115923488503379	0.000555368394954157	0.000932504440497336
Master_mconsumospesos_rank_delta1	0.000115894010704388	0.000948614678647031	0.00102131438721137
Master_mconsumototal_rank_delta1	0.000115279950667142	0.00248301561214845	0.001398756660746
Master_cconsumos_lag1	0.000115010848130335	0.00057579777686949	0.000932504440497336
mcheques_depositados_rank	0.00011417331540484	0.00269713053890528	0.00102131438721137
Visa_mpagado_rank_lag1	0.000112248076856783	0.000220221823561802	0.00077708703374778
vmr_mconsumosdolares_delta1	0.000109115005225719	0.00114589061342054	0.000976909413854352
mttarjeta_master_debitos_automaticos_rank	0.000108472327268884	0.00100687151981168	0.000910301953818828
mttarjeta_master_debitos_automaticos_rank_lag1	0.000107836465232291	0.000359539812623012	0.000799289520426288
Master_cconsumos	0.000106156117132507	0.000745438891796144	0.000821492007104796
ctransferencias_emitidas_delta1	0.000102944495313062	0.00218568921099762	0.000932504440497336
Visa_mpagosdolares_rank_lag1	0.00010281684494648	0.000187301365876264	0.00066607460035524
vm_status06_lag1	0.000101554767524978	0.000318866364895458	0.00022202486678508
Master_fechaalta_delta1	0.000100737954236215	0.000251487676479051	0.000510657193605684
Master_mconsumosdolares_rank_lag1	9.84871833533416e-05	0.00148548631674177	0.00099911190053286
ctarjeta_visa_debitos_automaticos	9.8310729374393e-05	0.00306760769224877	0.00142095914742451
mpagomiscuentas_rank_delta1	9.78252427395195e-05	0.000238910378205306	0.000488454706927176
tcuentas_delta1	9.51803549145379e-05	9.72552010893619e-07	2.2202486678508e-05
Visa_mpagosdolares_rank	9.28737539087377e-05	0.000200738121207758	0.000732682060390764
vmr_mpagado_lag1	9.17843614585925e-05	0.00137704700972518	0.00099911190053286
cproductos_lag1	9.1263385282023e-05	0.000160090784735957	0.000488454706927176
matm_rank_delta1	9.06791887739986e-05	0.000245972504094433	0.000688277087033748
ctarjeta_master_transacciones_delta1	8.39309920168445e-05	0.00105926209369434	0.0005550621669627
cpayroll_trx_delta1	8.29753963958086e-05	0.00260528484265406	0.000976909413854352
cextraccion_autoservicio_delta1	8.22582749481442e-05	0.00202433339127996	0.000976909413854352
Visa_madelantopesos_rank_lag1	8.01623886674513e-05	0.000109187168442423	0.000266429840142096
cprestamos_hipotecarios	7.79949677756345e-05	0.000426838691017417	0.000155417406749556
cpagomiscuentas_lag1	7.79581677285299e-05	0.0035922946004988	0.00144316163410302
Master_mpagosdolares_rank	7.77198761081807e-05	0.00113493122114486	0.000688277087033748
ccuenta_debitos_automaticos_delta1	7.74577778840161e-05	0.00200883553059701	0.000821492007104796
vm_mconsumosdolares_rank	7.69668730522453e-05	0.000117362897869768	0.0005550621669627
ccajas_extracciones_lag1	7.41730759234456e-05	0.00359444448873311	0.00135435168738899
ctransferencias_emitidas_lag1	7.39765072767727e-05	0.00109699357331892	0.000599467140319716
cseguro_accidentes_personales_lag1	7.39133409492064e-05	0.000499829846232548	0.000510657193605684
matm_other_rank	7.28802765428114e-05	0.000163550549189766	0.000532859680284192
Master_Fvencimiento_delta1	7.24201039408511e-05	0.000114058278562777	0.000599467140319716
Master_mpagosdolares_rank_lag1	7.23640382963636e-05	0.00101594215947707	0.000688277087033748
Master_Finiciomora_lag1	7.19133178658245e-05	8.12857692821875e-05	0.000199822380106572
ccheques_emitidos_lag1	7.18676960515881e-05	0.00188276877316586	0.000710479573712256
Master_mpagado_rank_delta1	6.84880486285016e-05	0.0020846508303335	0.00088809946714032
mcaja_ahorro_adicional_rank	6.70334411732214e-05	0.00266748775887769	0.00099911190053286
vmr_msaldodolares2_lag1	6.64360600961823e-05	0.000629129947546416	0.0005550621669627
ccallcenter_transacciones	6.57156025003161e-05	0.00146761281618135	0.000577264653641208
ctransferencias_emitidas	6.5443104179111e-05	0.00303863434761382	0.00115452930728242
vm_mconsumosdolares_rank_delta1	6.54042780336589e-05	0.00165162665501256	0.000910301953818828
ctarjeta_master_transacciones_lag1	6.42982421565409e-05	0.00264288664252614	0.00104351687388988
mtarjeta_master_consumo_rank_lag1	5.94568380578581e-05	0.00027980145817494	0.00044404973357016
ctarjeta_visa_descuentos	5.91521000777447e-05	0.00164901970447016	0.00066607460035524
cseguro_vivienda_lag1	5.72953295979134e-05	0.000334459305610399	0.000310834813499112
ctarjeta_debito	5.68256056379419e-05	0.000410602726029826	0.000377442273534636
mforex_sell_rank	5.51747187301257e-05	0.000443345871680933	0.00033303730017762
mforex_sell_rank_lag1	5.51077931686777e-05	0.00148151920505272	0.000754884547069272
cseguro_vida_delta1	5.4767017822145e-05	0.0026083320169739	0.000954706927175844
cseguro_vivienda_delta1	5.35917724000975e-05	0.000992865737476489	0.000399644760213144
Visa_msaldodolares_rank_delta1	5.30621416862293e-05	7.01566077111424e-05	0.000244227353463588
Master_status_delta1	5.28902058945856e-05	2.89903215644825e-05	0.000177619893428064
Master_mconsumosdolares_rank	5.22304084151458e-05	0.000123213941274727	0.000377442273534636
vm_mpagado_rank_lag1	5.21792097468822e-05	0.000394532193839289	0.00044404973357016
Master_msaldodolares_rank	5.13810395612914e-05	0.000139251811329093	0.000310834813499112
ccheques_emitidos_rechazados_lag1	5.07261786336374e-05	0.000206126081953259	8.8809946714032e-05
Visa_mpagado_rank_delta1	5.06774633987999e-05	0.000174513263038623	0.000377442273534636
mtarjeta_master_descuentos_rank_delta1	5.03446517622142e-05	8.17189347166341e-05	0.000288632326820604
Visa_msaldodolares_rank_lag1	5.018010547506e-05	0.000147491250375158	0.000377442273534636
vm_status03_delta1	4.98687877174749e-05	0.000233144173315066	0.00022202486678508
Visa_mpagosdolares_rank_delta1	4.89052094188686e-05	0.000131340354567089	0.00044404973357016
Master_mconsumosdolares_rank_delta1	4.83889476492547e-05	0.000135523783708842	0.000377442273534636
vmr_msaldodolares2_delta1	4.79860316763141e-05	0.00235810882188102	0.000954706927175844
cprestamos_prendarios_delta1	4.57754246947301e-05	0.00321537613251826	0.00117673179396092
vm_Fvencimiento_delta1	4.52647009327879e-05	5.12760938181863e-05	0.000199822380106572
ccajas_otras_delta1	4.46357992271434e-05	0.000608695698603729	0.000310834813499112
cprestamos_hipotecarios_lag1	4.40816511619619e-05	0.000407152787896646	0.000155417406749556
mcheques_depositados_rank_delta1	4.14868720295186e-05	0.00135464860384794	0.000532859680284192
Master_mpagado_rank	4.14307800871253e-05	0.000157836151614386	0.000355239786856128
vmr_msaldodolares2	4.04051391447203e-05	0.000107925362767971	0.000288632326820604
Master_mpagado_rank_lag1	4.01865482175012e-05	0.000251326972310469	0.00033303730017762
Master_mpagosdolares_rank_delta1	3.96431436130418e-05	3.26115052477635e-05	0.00033303730017762
minversion2_rank_delta1	3.88625144205887e-05	0.00267138984615864	0.000976909413854352
vmr_msaldodolares	3.88136175438373e-05	0.00013935980859008	0.00033303730017762
mv_status07_rank_delta1	3.84387755586814e-05	0.000311944367874443	0.000155417406749556
mtarjeta_visa_descuentos_rank	3.78105215683887e-05	0.00046490043650762	0.000355239786856128
ctarjeta_master_descuentos_delta1	3.72856697845271e-05	0.00069575777589455	0.000377442273534636
minversion2_rank_lag1	3.67917853378961e-05	0.000453595923552973	0.000310834813499112
Master_msaldodolares_rank_lag1	3.63112383608603e-05	0.000204468732273808	0.000288632326820604
Master_msaldodolares_rank_delta1	3.61937811454361e-05	6.98776416978192e-05	0.000199822380106572
ccheques_depositados_lag1	3.60976617609661e-05	0.000303396114789485	0.000133214920071048
mv_status07_rank_lag1	3.59160752176511e-05	0.0017281097293551	0.000688277087033748
cinversion1_lag1	3.49158644330856e-05	0.00172982382257621	0.000688277087033748
vmr_mpagado_delta1	3.35792418907369e-05	0.000595995709721016	0.000377442273534636
vmr_mpagosdolares_delta1	3.35554798898264e-05	0.000307754572384114	0.000266429840142096
vmr_msaldodolares_lag1	3.32583200550866e-05	0.000228110582907144	0.000310834813499112
ccajas_otras	3.28472738464045e-05	0.00206432377132498	0.000754884547069272
matm_other_rank_delta1	3.15778490798905e-05	0.000317826758626194	0.000244227353463588
ccajas_consultas_lag1	3.0817791227616e-05	0.000334288498323426	0.000244227353463588
ctarjeta_master_transacciones	3.05213608595135e-05	0.000110046648566653	0.00011101243339254
cseguro_vivienda	3.03117760746657e-05	0.000408651647789629	0.000266429840142096
vmr_Master_mlimitecompra_delta1	3.03052242102468e-05	0.000349258759401386	0.000266429840142096
catm_trx_lag1	3.02808682908031e-05	0.000117771543635605	0.000155417406749556
vmr_mpagosdolares	3.00452440235653e-05	9.21721561475747e-05	0.00022202486678508
mcaja_ahorro_adicional_rank_delta1	2.93363814021903e-05	0.00161631685596022	0.000599467140319716
mprestamos_prendarios_rank_delta1	2.91404130932245e-05	0.00125525982252587	0.000466252220248668
mplazo_fijo_dolares_rank_lag1	2.84959826190914e-05	6.46768193073775e-05	0.00011101243339254
Master_madelantodolares_rank_lag1	2.83534637892366e-05	1.72448697715116e-05	0.000266429840142096
catm_trx_other_lag1	2.81902970860849e-05	0.000501655442819654	0.000288632326820604
cliente_edad_delta1	2.74485029016853e-05	0.000232128717650726	0.000244227353463588
Visa_madelantodolares_rank_lag1	2.73049836746414e-05	7.5622763825022e-06	8.8809946714032e-05
cliente_vip	2.6670798119197e-05	0.000154554598787742	0.00022202486678508
vmr_msaldodolares_delta1	2.66327156868067e-05	0.000142234491769873	0.00022202486678508
mcajeros_propios_descuentos_rank_delta1	2.56129465905294e-05	2.33226797447671e-05	0.000155417406749556
ccajeros_propios_descuentos_delta1	2.54738224683079e-05	4.61644464407682e-05	0.000177619893428064
mcaja_ahorro_adicional_rank_lag1	2.52978719182478e-05	0.000562823458336004	0.000288632326820604
vm_msaldodolares_rank_lag1	2.51459015795963e-05	0.000989722583531931	0.000421847246891652
catm_trx_other_delta1	2.50454858213396e-05	0.000454112912577002	0.000266429840142096
Visa_madelantodolares_rank_delta1	2.46447295898054e-05	2.7662638022158e-05	0.000133214920071048
mcajeros_propios_descuentos_rank_lag1	2.40962846500134e-05	0.00148226109226014	0.0005550621669627
cforex_buy	2.40333883833045e-05	0.000910806733640091	0.00033303730017762
vm_status03_lag1	2.35807744621261e-05	7.17637416628774e-06	0.00011101243339254
cextraccion_autoservicio	2.34849329657641e-05	0.000919079549883219	0.000421847246891652
ctarjeta_visa_descuentos_delta1	2.33543704891832e-05	0.00073031173251886	0.000355239786856128
cextraccion_autoservicio_lag1	2.30477665173432e-05	0.000248473210428351	0.000244227353463588
catm_trx_delta1	2.29123501099563e-05	0.000250609466372779	0.000199822380106572
mforex_buy_rank_lag1	2.23088376865086e-05	0.000417357444935361	0.00022202486678508
ccomisiones_mantenimiento	2.22200900813254e-05	0.000583321209299087	0.000266429840142096
cseguro_vida	2.21612545840147e-05	0.000164879639787392	0.000177619893428064
ccallcenter_transacciones_lag1	2.20456730097849e-05	6.55521691700865e-05	0.000133214920071048
vm_msaldodolares_rank	2.1885939860622e-05	8.57159636306981e-05	0.000177619893428064
mcajeros_propios_descuentos_rank	2.15088140576407e-05	0.000111160321304313	0.000155417406749556
Visa_cadelantosefectivo_lag1	2.14518508884024e-05	4.40394930717111e-05	0.000177619893428064
vm_mpagosdolares_rank_delta1	2.1030867922792e-05	0.00140392880125461	0.0005550621669627
vm_mpagosdolares_rank_lag1	2.0987721756145e-05	8.38023222881049e-05	0.000177619893428064
cpagomiscuentas	2.07425418238374e-05	0.000904245657837074	0.00033303730017762
ctarjeta_master_descuentos	2.03239634393495e-05	0.000646384574439115	0.000266429840142096
ccajas_otras_lag1	2.01813737915118e-05	0.000194504750891039	0.000133214920071048
Visa_madelantopesos_rank	2.00992593878928e-05	1.13356527031164e-05	8.8809946714032e-05
Visa_madelantopesos_rank_delta1	1.97626299579938e-05	9.4989288458901e-05	0.000155417406749556
vm_status05_lag1	1.96591174246e-05	1.7164321622138e-05	6.6607460035524e-05
Master_status_lag1	1.93615869757502e-05	0.000290971262884357	0.000155417406749556
mforex_sell_rank_delta1	1.88472631340244e-05	0.000264815857887549	0.000177619893428064
vm_madelantopesos_rank_lag1	1.87602419138894e-05	9.93773172813362e-07	2.2202486678508e-05
Visa_Fvencimiento_delta1	1.85270414024676e-05	0.00033568385891909	0.000199822380106572
Master_madelantopesos_rank_lag1	1.82852392808711e-05	8.56608347426675e-06	0.000133214920071048
cseguro_auto	1.8268578708492e-05	0.00140246998477151	0.000510657193605684
cseguro_accidentes_personales	1.8232927072302e-05	0.000418028010585544	0.000199822380106572
mtarjeta_visa_descuentos_rank_lag1	1.68254565219506e-05	3.50587896131972e-05	0.000155417406749556
ctarjeta_master_debitos_automaticos_delta1	1.62433887362278e-05	0.000816166902358456	0.000310834813499112
ctarjeta_master	1.46493936826987e-05	5.72134289261252e-05	4.4404973357016e-05
Master_cadelantosefectivo_lag1	1.38565553043489e-05	6.26257248083932e-06	0.000133214920071048
ccheques_emitidos_delta1	1.26005182840564e-05	0.000119209115890306	4.4404973357016e-05
Master_madelantopesos_rank	1.2584401353584e-05	5.21773012053649e-06	8.8809946714032e-05
ccaja_seguridad_delta1	1.21373255229053e-05	0.00127483609066555	0.000466252220248668
ctarjeta_master_delta1	1.21059693908075e-05	7.96347167518708e-05	6.6607460035524e-05
ccheques_depositados_delta1	1.1657397685544e-05	0.000231853465340739	0.00011101243339254
cforex_lag1	1.15049324492931e-05	8.77372101041126e-05	8.8809946714032e-05
cprestamos_prendarios_lag1	1.10359920840896e-05	0.000354736910085046	0.000133214920071048
ctarjeta_visa_descuentos_lag1	1.02613868100641e-05	0.000284738861359812	0.000133214920071048
Visa_madelantodolares_rank	9.90987856338564e-06	3.21281471520807e-06	6.6607460035524e-05
vm_mpagosdolares_rank	9.14354772873692e-06	0.000101435193325543	8.8809946714032e-05
mtarjeta_master_descuentos_rank_lag1	8.44826745808727e-06	2.13600451979157e-05	6.6607460035524e-05
cinversion2_lag1	8.22408422940961e-06	0.000115913838507855	4.4404973357016e-05
internet_delta1	7.72945582123264e-06	2.09894360581717e-05	6.6607460035524e-05
minversion1_pesos_rank_lag1	6.5931884926951e-06	0.000181744373962776	6.6607460035524e-05
ccajas_extracciones_delta1	6.49652575621645e-06	7.63536021883537e-05	6.6607460035524e-05
ccheques_depositados	6.2759270770629e-06	6.09769558596309e-05	2.2202486678508e-05
Master_cadelantosefectivo	6.25314671278815e-06	5.07321862115911e-06	4.4404973357016e-05
mplazo_fijo_pesos_rank_lag1	5.77308924952845e-06	1.6360593180908e-06	2.2202486678508e-05
Master_delinquency_delta1	5.63605603860364e-06	9.86348072789487e-06	6.6607460035524e-05
Visa_cadelantosefectivo_delta1	5.57305967419616e-06	1.43954905206595e-05	4.4404973357016e-05
ccajas_depositos_delta1	5.17720226627103e-06	0.000122658708026281	6.6607460035524e-05
active_quarter_delta1	4.89374078294079e-06	6.60757321410151e-05	4.4404973357016e-05
mtarjeta_master_descuentos_rank	3.91705063834782e-06	1.25071531070076e-05	4.4404973357016e-05
ccajeros_propios_descuentos	3.4884176326163e-06	2.48128435746597e-06	2.2202486678508e-05
ctarjeta_master_lag1	3.28344968328103e-06	2.12814346328913e-05	2.2202486678508e-05
catm_trx_other	3.25035258839819e-06	6.38747747192129e-06	2.2202486678508e-05
ccheques_emitidos	3.17189711389224e-06	0.000182746520267955	6.6607460035524e-05
catm_trx	3.1709844316082e-06	3.0588667187205e-05	2.2202486678508e-05
minversion1_dolares_rank_lag1	3.13243646416239e-06	0.000302261013291582	0.00011101243339254
vm_msaldodolares_rank_delta1	3.12746326096434e-06	8.48996408911984e-06	2.2202486678508e-05
cforex_sell_lag1	2.99305586488376e-06	4.96767563368088e-05	2.2202486678508e-05
Visa_cadelantosefectivo	2.72755237250945e-06	1.0310024720943e-06	2.2202486678508e-05
ccheques_emitidos_rechazados_delta1	2.57671371350638e-06	4.96274863347864e-05	2.2202486678508e-05
cforex_delta1	2.55863715419674e-06	5.09174100487819e-06	2.2202486678508e-05
Master_madelantodolares_rank	2.46288279294353e-06	7.65576482735081e-07	2.2202486678508e-05
ccheques_depositados_rechazados_delta1	2.38560488482583e-06	9.43003849568411e-07	2.2202486678508e-05
ccuenta_debitos_automaticos_lag1	2.27640438357569e-06	6.23616136084138e-06	2.2202486678508e-05
ccuenta_debitos_automaticos	1.59316374980424e-06	7.86682312253086e-07	2.2202486678508e-05
