Feature	Gain	Cover	Frequency
mcaja_ahorro_rank	0.0876320388794895	0.0142469884941583	0.00899200710479574
ctrx_quarter_normalizado	0.0768149427752233	0.00723064398279114	0.0047291296625222
ctrx_quarter	0.0559776487750593	0.00420343853243895	0.00406305506216696
cdescubierto_preacordado	0.040860247636179	0.0040513080221493	0.00670515097690941
mtarjeta_visa_consumo_rank	0.0386928204030798	0.00285823255709674	0.00297513321492007
Visa_status	0.0336255783687706	0.0015407165890975	0.00177619893428064
ctrx_quarter_lag1	0.0328379165981278	0.00184671862341717	0.00281971580817052
mcuentas_saldo_rank	0.0297821935328578	0.00915121087649338	0.00859236234458259
mprestamos_personales_rank	0.0295975329886823	0.0101451790662294	0.0103241563055062
mcaja_ahorro_rank_lag1	0.0281150048618772	0.00243304004868883	0.00468472468916519
mpayroll_rank	0.0264740283482411	0.00744902819791493	0.00457371225577265
mpayroll_sobre_edad_rank	0.0199933837539301	0.00604316470741114	0.00399644760213144
mcuenta_corriente_rank	0.0188789826880478	0.00666746177162984	0.0105239786856128
ctarjeta_visa_transacciones	0.0184305504491195	0.00448113175662878	0.00368561278863233
Visa_fultimo_cierre_lag1	0.0168109070487651	0.000538316779265489	0.00188721136767318
cdescubierto_preacordado_delta1	0.0161728443101455	0.00696571883800371	0.00430728241563055
mprestamos_personales_rank_delta1	0.0154482566568748	0.0188687351062496	0.0122335701598579
foto_mes	0.0133659820776288	0.011452633715754	0.0152753108348135
ctarjeta_visa	0.011963506319633	0.000888496193162856	0.00066607460035524
ctrx_quarter_normalizado_lag1	0.0111307303351974	0.00403190987996377	0.0036190053285968
ctrx_quarter_delta1	0.0107845750210314	0.00437849092684715	0.00481793960923624
vm_status01	0.0102153651658945	0.0013558878020565	0.0019316163410302
vm_mpagospesos_rank	0.00939827678560592	0.000793520705121117	0.00130994671403197
mpayroll_rank_lag1	0.00863803210194655	0.00223458162900216	0.0025088809946714
mpasivos_margen_rank	0.00848610309046953	0.00256607453544223	0.00466252220248668
vm_status06	0.00843579890919827	0.000363942763256974	0.000643872113676732
Visa_Finiciomora	0.00798700759971103	0.00565458467417977	0.00321936056838366
vm_Finiciomora	0.00746385797837558	0.00412351590040602	0.00261989342806394
mprestamos_personales_rank_lag1	0.00631324618475834	0.00683576965354766	0.00697158081705151
vmr_mpagospesos	0.00619112005630686	0.00147634047250335	0.00239786856127886
ccomisiones_mantenimiento_delta1	0.00614672871262092	0.00258727801459263	0.00157637655417407
Visa_msaldopesos_rank	0.00587788297177092	0.00150086204825092	0.00310834813499112
cpayroll_trx	0.00519534906001692	0.00704142478421562	0.00259769094138544
vm_Finiciomora_delta1	0.00489654456940055	0.00317773666080601	0.00213143872113677
cproductos_delta1	0.00453928544046758	0.00543373181620623	0.00288632326820604
mpayroll_sobre_edad_rank_lag1	0.0045049837223773	0.00234393267784598	0.00244227353463588
cpayroll_trx_lag1	0.0045000316968527	0.000265372572619995	0.000466252220248668
tcallcenter	0.00442201595009398	0.0022206778102576	0.00512877442273535
mcuentas_saldo_rank_delta1	0.00441179021787473	0.0061915278264917	0.00650532859680284
mactivos_margen_rank	0.00434707221745696	0.0123512030042341	0.0107682060390764
Visa_mpagospesos_rank	0.00423608445312479	0.000703061417277236	0.00335257548845471
Master_status	0.00417653748716072	0.00152735973670455	0.00142095914742451
mcuenta_corriente_rank_lag1	0.00414255930953128	0.00446896595555895	0.0072158081705151
vm_status06_delta1	0.00393592321194318	0.000997717835017913	0.000599467140319716
ctrx_quarter_normalizado_delta1	0.00383495080385833	0.00569378496647834	0.0044404973357016
internet_lag1	0.00382528767059756	0.00301739782949681	0.00242007104795737
thomebanking	0.00382208219402137	0.00325214404303184	0.00515097690941385
ccaja_ahorro	0.00373248491622494	0.00399335745228872	0.00202042628774423
vm_Finiciomora_lag1	0.0036421203428255	0.00514051611424267	0.00324156305506217
internet	0.0035734233060744	0.00436093621775337	0.00255328596802842
Visa_Finiciomora_delta1	0.00343122133474972	0.00225448041375526	0.00144316163410302
Visa_delinquency	0.00337892075948615	0.00106446213407641	0.00273090586145648
vm_msaldototal_rank	0.00326355495363178	0.000607430943194423	0.001398756660746
ccaja_seguridad	0.00316987398182468	0.00810296605390471	0.00295293072824156
vm_status04	0.00287426403234915	0.000987544002755333	0.000865896980461812
active_quarter	0.00282295470180233	0.00255295697650686	0.00159857904085258
mrentabilidad_annual_rank_lag1	0.0028228724074399	0.00583536591482816	0.00921403197158082
mautoservicio_rank	0.0027367196971133	0.00299876071102916	0.0019538188277087
mrentabilidad_annual_rank	0.00262601284348751	0.00910960310717732	0.00925843694493783
ccaja_ahorro_delta1	0.0025636624807745	0.00446704575404697	0.00235346358792185
vm_status06_lag1	0.00247432371710356	0.000103360323420488	0.000177619893428064
mcuenta_debitos_automaticos_rank	0.00241705614952366	0.0043056106162287	0.00310834813499112
vmr_mconsumototal	0.00238063362345779	0.0011946231634195	0.00159857904085258
vm_mpagominimo_rank	0.0022651367903182	0.00212520550539365	0.00286412078152753
mrentabilidad_annual_rank_delta1	0.00224140155158153	0.00655393807912983	0.00876998223801066
cliente_vip_lag1	0.00223476404006937	0.00267403105401302	0.00199822380106572
vm_mpagospesos_rank_lag1	0.00217396847841244	0.000292461223496749	0.00102131438721137
mtarjeta_master_consumo_rank	0.00214057662853586	0.00167775031644681	0.00162078152753108
mcomisiones_mantenimiento_rank	0.00210104578265162	0.00969756268895143	0.00761545293072824
mcomisiones_otras_rank	0.0019109457624664	0.0008436958163064	0.00466252220248668
mplazo_fijo_dolares_rank	0.00189652575704874	0.00743821949934435	0.00299733570159858
Visa_msaldototal_rank	0.00188800657340308	0.000799529337798282	0.00237566607460036
mcuenta_corriente_rank_delta1	0.00182157197837533	0.00326042655124584	0.00308614564831261
cprestamos_personales_delta1	0.00179105841799141	0.00443193246402074	0.00184280639431616
Master_fechaalta	0.00174952164867472	0.00566007713084138	0.00701598579040853
Visa_fechaalta	0.00173632474854991	0.00422993728103888	0.00588365896980462
cliente_vip_delta1	0.0017309669388674	0.00367856078995144	0.00459591474245115
Visa_mpagominimo_rank_lag1	0.00168860333712071	0.0024902452435128	0.0044404973357016
Visa_mpagominimo_rank	0.00168008001221249	0.00467928953265233	0.00561722912966252
mttarjeta_visa_debitos_automaticos_rank_delta1	0.00167296422959615	0.00345594896489039	0.00341918294849023
Visa_madelantodolares_rank	0.00164391397365718	9.34339200860208e-06	0.000133214920071048
mcaja_ahorro_rank_delta1	0.00159367724485941	0.00565083371523834	0.0063943161634103
mcaja_ahorro_dolares_rank_delta1	0.00152037862731091	0.00322655114335325	0.00313055062166963
chomebanking_transacciones	0.00147950117048169	0.00372313208302013	0.00570603907637655
mpayroll_rank_delta1	0.00147680908647058	0.00825513883176647	0.00412966252220249
cliente_edad_lag1	0.00146461682006076	0.00877796744973309	0.00765985790408526
mtransferencias_recibidas_rank	0.00142880755120181	0.00594038903162928	0.00672735346358792
vmr_msaldopesos	0.00142732038398717	0.000469674449580713	0.00173179396092362
mpagomiscuentas_rank	0.00138084375119695	0.00357833972105639	0.00244227353463588
ctarjeta_visa_transacciones_delta1	0.00137494442842404	0.00644183823225276	0.00313055062166963
tcuentas_lag1	0.00136882619328867	0.00390312538145324	0.00244227353463588
vm_msaldopesos_rank	0.00136658246084209	0.000874904449224144	0.00177619893428064
mactivos_margen_rank_lag1	0.00136096238187234	0.00889377299191384	0.00657193605683837
Master_fechaalta_lag1	0.00129838625280331	0.00363300604986147	0.00579484902309059
cproductos	0.00128413376165266	0.00185509638347169	0.000954706927175844
cliente_edad	0.00126122265032044	0.00540025684400906	0.00630550621669627
mcomisiones_rank_delta1	0.00125972779294716	0.00131380905122265	0.00441829484902309
mextraccion_autoservicio_rank	0.00124811695785258	0.000386113648954178	0.00155417406749556
vm_fechaalta	0.00123412069338729	0.00706048951038932	0.0058392539964476
ccaja_seguridad_lag1	0.00120647216585746	0.00079755850277708	0.0005550621669627
vm_mpagominimo_rank_lag1	0.00120072039092726	0.00263350640851725	0.00286412078152753
mcomisiones_mantenimiento_rank_delta1	0.00117506515395952	0.00449574059571052	0.0036190053285968
thomebanking_lag1	0.00114785126582298	0.00084679844969112	0.00366341030195382
cdescubierto_preacordado_lag1	0.0011437143670385	0.0022824635515506	0.00321936056838366
mrentabilidad_rank_delta1	0.00113667948799315	0.00120060029131418	0.00543960923623446
ctarjeta_debito_transacciones	0.00112561518770221	0.00241944000795297	0.00117673179396092
Master_Finiciomora	0.00109832259971059	0.00160884788217162	0.000910301953818828
mtransferencias_emitidas_rank	0.00108701024605749	0.00422796351909202	0.0044404973357016
vm_status02	0.00108243641530263	0.00139547620008807	0.00130994671403197
Master_delinquency	0.0010500623364695	0.000793803395437086	0.00077708703374778
mcomisiones_otras_rank_delta1	0.0010394951234415	0.00145743854792691	0.00490674955595027
mpayroll_sobre_edad_rank_delta1	0.0010240858942051	0.00502510229612033	0.00253108348134991
mcomisiones_mantenimiento_rank_lag1	0.00101267564001159	0.00670786862565285	0.00617229129662522
Visa_Finiciomora_lag1	0.00101188527231701	0.00199460917076049	0.00153197158081705
mactivos_margen_rank_delta1	0.000996815065520903	0.00273105673841215	0.00646092362344583
vm_fechaalta_lag1	0.000991437296290992	0.00251497460793547	0.00428507992895204
vmr_mpagominimo	0.000946757229488584	0.00168431649389194	0.00224245115452931
mrentabilidad_rank	0.000905511088273285	0.00197759195584158	0.00535079928952043
mtransferencias_recibidas_rank_lag1	0.000885527904042083	0.0052525314951155	0.00612788632326821
tcallcenter_delta1	0.000885088940775476	0.00181649265393431	0.00162078152753108
chomebanking_transacciones_lag1	0.000875137981046923	0.00286209706692572	0.00468472468916519
Visa_mfinanciacion_limite_rank	0.000871312799836082	0.00272862824284191	0.00490674955595027
mprestamos_prendarios_rank	0.000857084600930136	0.00711236894503427	0.00270870337477797
Visa_fechaalta_lag1	0.000855883554131411	0.00154540506306935	0.00428507992895204
vmr_mpagominimo_lag1	0.000854483026156074	0.00246367590299718	0.00290852575488455
mpasivos_margen_rank_delta1	0.000847557857364509	0.00429441305138538	0.00557282415630551
mcuentas_saldo_rank_lag1	0.00084537502676871	0.00638978032428262	0.00517317939609236
numero_de_cliente	0.000840299443559507	0.00568359179806909	0.00623889875666075
mcomisiones_otras_rank_lag1	0.000818243061558999	0.00166754481807513	0.00466252220248668
Visa_delinquency_lag1	0.000802976930933507	0.000508775618200099	0.00186500888099467
vm_mconsumototal_rank	0.000773230481719026	0.000479295507733681	0.000976909413854352
mpasivos_margen_rank_lag1	0.00076757819771656	0.00105452222539993	0.00446269982238011
active_quarter_lag1	0.000760728706547023	0.000227459067464886	0.000732682060390764
mrentabilidad_rank_lag1	0.000750296000517047	0.00254707221962037	0.00501776198934281
ccaja_ahorro_lag1	0.000740201596758221	0.000866014961159208	0.00124333925399645
mcomisiones_rank_lag1	0.00074000094493391	0.00265962161462261	0.00466252220248668
cmobile_app_trx_lag1	0.000737345351425892	0.00739151067477187	0.00595026642984014
mtarjeta_visa_consumo_rank_lag1	0.000730463058424477	0.000656819978943779	0.00102131438721137
Master_mpagospesos_rank	0.000724918930495779	0.000786398849687371	0.0013765541740675
chomebanking_transacciones_delta1	0.000702141451759256	0.00426994950712448	0.00377442273534636
ccajas_transacciones_delta1	0.000695507434086537	0.00261564840539459	0.00224245115452931
mcomisiones_rank	0.000685833814170475	0.000691572012594434	0.00448490230905861
cliente_antiguedad_lag1	0.000664085783044003	0.00164755446894691	0.00379662522202487
mtransferencias_emitidas_rank_lag1	0.000659328604574952	0.00196390447608251	0.00337477797513322
mcaja_ahorro_dolares_rank	0.000651015407614481	0.00404388713631854	0.0033303730017762
Visa_mconsumospesos_rank	0.00064685271621912	0.00223978766178909	0.0035968028419183
cplazo_fijo	0.000645835557841423	0.00639604491315162	0.00233126110124334
Visa_cconsumos_lag1	0.000640484428448534	0.00144338888992591	0.00290852575488455
ccajas_consultas_delta1	0.000636914715433825	0.00323762206680686	0.00144316163410302
Visa_mlimitecompra_rank	0.000630902336255385	0.0013738131244693	0.00377442273534636
mtransferencias_emitidas_rank_delta1	0.000628091162433686	0.00360105112004076	0.0027753108348135
mcaja_ahorro_dolares_rank_lag1	0.000623095611665892	0.00569723800126238	0.00428507992895204
vm_cconsumos_lag1	0.000615081884598105	0.00254531534977881	0.00210923623445826
Visa_mconsumototal_rank	0.000607014354175986	0.0029807469124935	0.00364120781527531
Master_Fvencimiento	0.000603812766944007	0.0027156935360969	0.00448490230905861
vm_status05_delta1	0.000601291020458482	0.0011179294143678	0.000976909413854352
Visa_mpagominimo_rank_delta1	0.000598940235639603	0.00535935967232159	0.00421847246891652
mttarjeta_visa_debitos_automaticos_rank	0.000592025118394236	0.0018163075431714	0.00339698046181172
Visa_mfinanciacion_limite_rank_lag1	0.00058557076204299	0.00112403244615912	0.0038854351687389
Master_Fvencimiento_lag1	0.000583763480846442	0.00117552617192358	0.00424067495559503
Master_mfinanciacion_limite_rank	0.000573499599340588	0.00196495256898153	0.00399644760213144
cliente_antiguedad	0.000562445730896853	0.00316513260447378	0.00379662522202487
Visa_msaldopesos_rank_lag1	0.000561404963449172	0.00286133466040831	0.00301953818827709
vmr_mpagominimo_delta1	0.00055199511148803	0.0015615734004073	0.00235346358792185
mttarjeta_visa_debitos_automaticos_rank_lag1	0.000540354034177917	0.00134374880425076	0.0033303730017762
Visa_mpagospesos_rank_delta1	0.000538696049794437	0.00137540143104892	0.00368561278863233
Master_Finiciomora_delta1	0.000532825623932604	0.00315246339523733	0.00155417406749556
Visa_mconsumototal_rank_lag1	0.000518615781510034	0.000833939220753447	0.00328596802841918
cmobile_app_trx	0.000507523052807377	0.00420938233486511	0.00357460035523979
vm_Fvencimiento_lag1	0.000507278268583933	0.0019796423018354	0.00390763765541741
Visa_Fvencimiento_lag1	0.000505323819182855	0.00202337677072565	0.0038854351687389
vmr_Master_mlimitecompra	0.000503185877735481	0.00340656018265428	0.00346358792184725
Visa_mconsumospesos_rank_lag1	0.000502764772128237	0.00114030078294929	0.00315275310834814
Visa_mlimitecompra_rank_lag1	0.000499168795849072	0.000583632986437616	0.00301953818827709
Visa_Fvencimiento	0.000496022857922688	0.00162899296656655	0.0036190053285968
ccomisiones_otras	0.000489863900213416	0.00180758774765468	0.00255328596802842
Master_msaldototal_rank	0.000483469244036331	0.00377954069313179	0.00301953818827709
cmobile_app_trx_delta1	0.000481751966168777	0.00567990961035732	0.00455150976909414
Master_mlimitecompra_rank	0.000470936743401382	0.00064355618895878	0.0033303730017762
Master_mfinanciacion_limite_rank_lag1	0.000470250407544561	0.000970523907004085	0.00310834813499112
vm_mpagospesos_rank_delta1	0.000460099594830948	0.00312539620079985	0.00268650088809947
vm_Fvencimiento	0.000457321305778232	0.00202390541498357	0.0036190053285968
vmr_msaldopesos_lag1	0.000457110401237605	0.000523355510678471	0.00153197158081705
Visa_msaldototal_rank_delta1	0.000456251708407138	0.000696701530474384	0.00219804618117229
ctarjeta_debito_delta1	0.0004497595899472	0.00636358309511884	0.00253108348134991
Master_mpagominimo_rank_lag1	0.00044859098162304	0.00221133285107621	0.00237566607460036
vm_fultimo_cierre	0.000448003768655377	0.004544317282833	0.0035968028419183
Master_msaldopesos_rank	0.000445869737017208	0.00315806274230213	0.00239786856127886
ccomisiones_otras_delta1	0.000444304986822775	0.00291846301767208	0.0022202486678508
vm_status04_delta1	0.000441767478890412	0.000555700850898042	0.0005550621669627
vm_status05_lag1	0.000441246494100415	1.3605594980608e-06	2.2202486678508e-05
Visa_msaldopesos_rank_delta1	0.000435742104147136	0.00125420299377226	0.00206483126110124
ccomisiones_otras_lag1	0.000433984392701307	0.001227898758972	0.00208703374777975
Master_mlimitecompra_rank_delta1	0.000428133070336767	0.0014842859924734	0.00339698046181172
Visa_msaldototal_rank_lag1	0.000427764415736786	0.00123420033772827	0.00253108348134991
Visa_mpagospesos_rank_lag1	0.000426280248881671	0.000717591851625976	0.00295293072824156
Visa_status_delta1	0.000419819700128059	0.00334106220080652	0.00199822380106572
Master_mlimitecompra_rank_lag1	0.000411723724847654	0.00188418214256059	0.0030417406749556
Master_fultimo_cierre	0.000408361833656918	0.000676937891328072	0.00281971580817052
vmr_msaldototal	0.000402884982467847	0.000536895768381583	0.00173179396092362
vmr_msaldopesos2_lag1	0.000401480187912904	0.0026230226908814	0.00295293072824156
vmr_msaldopesos2	0.00039777135822112	0.00316011912652053	0.00279751332149201
cprestamos_personales_lag1	0.000392858983219273	0.00177541145467689	0.00155417406749556
vm_cconsumos	0.000391270387820244	0.00290278034257353	0.00177619893428064
vm_mfinanciacion_limite_rank	0.000390801669769658	0.00071941723918394	0.00202042628774423
Visa_cconsumos	0.000389651061365608	0.000778044804644683	0.00206483126110124
vmr_Master_mlimitecompra_lag1	0.00038659147968984	0.00101301994064087	0.0027753108348135
vmr_msaldototal_lag1	0.000386419074826439	0.000485322162897972	0.00162078152753108
mtarjeta_visa_consumo_rank_delta1	0.000386021507697357	0.00500272412877452	0.00275310834813499
vm_mfinanciacion_limite_rank_lag1	0.000382963108558873	0.00109343574812394	0.00208703374777975
minversion2_rank	0.000379887590406664	0.00659881536268647	0.0024866785079929
vm_mlimitecompra_rank_lag1	0.000374111825401209	0.000774497048093273	0.00202042628774423
Master_mfinanciacion_limite_rank_delta1	0.000368401895430003	0.0025300920637287	0.00324156305506217
Visa_mlimitecompra_rank_delta1	0.000367730674922577	0.000452634648936253	0.00284191829484902
Visa_mfinanciacion_limite_rank_delta1	0.000366956885824869	0.0025970483920475	0.00348579040852575
tcallcenter_lag1	0.000363934395179794	0.000666243504184782	0.00217584369449378
vm_mlimitecompra_rank	0.00036163946083663	0.00144903502170793	0.00219804618117229
ccomisiones_mantenimiento_lag1	0.000360382153557935	0.00405632020948966	0.0019538188277087
ccajas_transacciones_lag1	0.000356421966193644	0.000319079538162164	0.00235346358792185
Master_fultimo_cierre_lag1	0.000343084427483464	0.00136247617343399	0.00266429840142096
Visa_mconsumosdolares_rank_lag1	0.000340883053857946	0.000558037090693391	0.0024866785079929
ccajas_consultas	0.00034078308738824	0.00534197486319596	0.00197602131438721
Visa_fultimo_cierre	0.000335474144231005	0.000764455411465161	0.0022202486678508
minversion1_pesos_rank	0.000323789767289826	0.00172707968439672	0.00066607460035524
mcuenta_debitos_automaticos_rank_delta1	0.000323048389946187	0.00175091635954019	0.00184280639431616
ccajas_transacciones	0.000321467809743025	0.00042208904534348	0.00215364120781528
mcuenta_debitos_automaticos_rank_lag1	0.00031915460761196	0.0031154984905555	0.00261989342806394
mplazo_fijo_dolares_rank_delta1	0.000315673790662047	0.00189467514799991	0.000976909413854352
mautoservicio_rank_lag1	0.000312007024457344	0.00232559094840327	0.00242007104795737
vmr_mconsumospesos	0.000309627829744673	0.0016528018474396	0.00228685612788632
vm_mconsumospesos_rank	0.000308490948591341	0.000853629179731803	0.00128774422735346
Visa_fultimo_cierre_delta1	0.0003084824801413	0.000303636410034442	0.00106571936056838
Master_mpagominimo_rank	0.000304377343782139	0.000918736958600621	0.00148756660746004
mcheques_emitidos_rank_lag1	0.000302637130366801	0.00337216315973469	0.00153197158081705
ctarjeta_debito_transacciones_delta1	0.00030112449127007	0.00672166182043551	0.00295293072824156
mtarjeta_master_consumo_rank_delta1	0.000300166105264642	0.00297424671763231	0.00144316163410302
Visa_mconsumospesos_rank_delta1	0.000298188304470298	0.000459144500347454	0.00204262877442274
mtransferencias_recibidas_rank_delta1	0.000292473102648872	0.000655158314849425	0.00228685612788632
Master_mconsumospesos_rank	0.000291311046935929	0.000410573597936314	0.00177619893428064
ctransferencias_recibidas	0.000289562850347892	0.00455400990086132	0.00253108348134991
Visa_mconsumosdolares_rank	0.000283986319116258	0.000342237074366212	0.00208703374777975
vmr_mpagospesos_delta1	0.000281141328746681	0.00387267369299479	0.00228685612788632
mcheques_emitidos_rechazados_rank_lag1	0.000262278604536434	0.00188489958504682	0.00077708703374778
vm_msaldopesos_rank_lag1	0.000261126732605071	0.00125791659407988	0.00124333925399645
vm_status01_lag1	0.000260723916534968	0.00141994598999348	0.000710479573712256
cinversion1	0.000257157397593025	0.00298530328301752	0.00108792184724689
vm_status01_delta1	0.000256490560572551	0.0001111123205972	0.000310834813499112
Master_msaldototal_rank_delta1	0.000254155958472944	0.00075564379806007	0.00182060390763766
vm_mlimitecompra_rank_delta1	0.000249775355014478	0.0019842898218947	0.00230905861456483
ccallcenter_transacciones_delta1	0.000249456548845485	0.00204142034554438	0.00106571936056838
Master_mconsumototal_rank	0.000248658107211369	0.000314989378497569	0.00153197158081705
Visa_mconsumosdolares_rank_delta1	0.000247683501865091	0.00107302756307296	0.00177619893428064
vm_status05	0.000247321739247335	0.00040320256202839	0.000355239786856128
Visa_mconsumototal_rank_delta1	0.000247268197091027	0.00054533939578675	0.00206483126110124
Master_mconsumototal_rank_lag1	0.000242588927508957	0.000495171429065673	0.00162078152753108
vmr_mconsumospesos_lag1	0.000240849966601316	0.00113868028018742	0.00175399644760213
vm_mfinanciacion_limite_rank_delta1	0.00024063600809446	0.00034338772489657	0.00182060390763766
vmr_Visa_mlimitecompra	0.000240584943777353	0.000565600174408503	0.00170959147424512
mautoservicio_rank_delta1	0.000237992023668259	0.000746602109860888	0.00164298401420959
vm_mpagominimo_rank_delta1	0.000237447557652386	0.00226116426743987	0.0019538188277087
mpagomiscuentas_rank_lag1	0.000236759402440515	0.00240738939408346	0.00190941385435169
mextraccion_autoservicio_rank_delta1	0.000235291381848802	0.00148687975563339	0.00170959147424512
vm_fultimo_cierre_lag1	0.000235222894608581	0.00169273456255258	0.00204262877442274
vmr_Visa_mlimitecompra_lag1	0.000232478544189481	0.000617764949735169	0.00168738898756661
Master_mpagospesos_rank_delta1	0.000226767262451186	0.000373019712844011	0.00155417406749556
Master_mconsumospesos_rank_lag1	0.000226644301192907	0.000542483753443628	0.00159857904085258
ctarjeta_debito_lag1	0.000225872291638781	0.00176743085769224	0.00146536412078153
vmr_mconsumototal_lag1	0.000225033323298212	0.000828719359971279	0.00148756660746004
vm_status02_lag1	0.000221848953635088	0.00070316342178877	0.000421847246891652
Master_mpagospesos_rank_lag1	0.0002185423857599	0.00105232760732247	0.00184280639431616
ctarjeta_visa_debitos_automaticos_delta1	0.000214963300603844	0.00184909768390443	0.00115452930728242
Master_mpagominimo_rank_delta1	0.000209048455625746	0.00138089388771053	0.0016651865008881
ccajas_depositos	0.000206924230658038	0.00425963161019819	0.00155417406749556
cpagomiscuentas_delta1	0.000204080963532579	0.00283944104906227	0.00122113676731794
mcheques_depositados_rank_lag1	0.000196024912152531	0.00174904810519699	0.000821492007104796
mprestamos_prendarios_rank_lag1	0.000196013127046861	0.000452335019326118	0.000244227353463588
vm_status03	0.000195815057168116	0.000170209162122981	0.000488454706927176
vm_msaldopesos_rank_delta1	0.000192797355581548	0.00139234302988053	0.00155417406749556
cforex_buy_delta1	0.000189127039445076	0.00335451919093165	0.00126554174067496
Master_cconsumos_delta1	0.000187359778632659	0.00221331776760589	0.00133214920071048
vm_mconsumosdolares_rank_lag1	0.000184398016175853	0.00294135694619359	0.00188721136767318
vmr_msaldopesos2_delta1	0.000183655471125841	0.0012436170872516	0.00155417406749556
Master_delinquency_lag1	0.000182361581748683	8.1290359041857e-05	0.000399644760213144
mcheques_emitidos_rank_delta1	0.00018051879502037	0.00290319640390356	0.00113232682060391
vmr_Visa_mlimitecompra_delta1	0.000180227073657149	0.00365112800636654	0.00157637655417407
vm_mconsumospesos_rank_lag1	0.000179508010454419	0.000272588711934602	0.000865896980461812
vmr_mconsumosdolares	0.000175108561962493	0.000462977274927364	0.00106571936056838
vmr_mpagospesos_lag1	0.000174606540770389	0.000187448892531915	0.00106571936056838
Master_msaldototal_rank_lag1	0.000173742798801926	0.000294765267109854	0.00115452930728242
ctarjeta_visa_transacciones_lag1	0.000173129910255002	0.000350297251463447	0.0011101243339254
ctarjeta_visa_delta1	0.000172151276369379	0.000509117423195707	0.000399644760213144
matm_rank	0.000171967942781836	0.000190804186436279	0.000976909413854352
vmr_mconsumospesos_delta1	0.000171640321832036	0.00259981359930177	0.00175399644760213
vmr_msaldototal_delta1	0.000168535791808481	0.000667789543192293	0.00128774422735346
matm_other_rank_lag1	0.000167191555590594	0.000607360904398545	0.00102131438721137
Visa_mpagado_rank	0.000166475834645456	0.00238569419142242	0.00122113676731794
cseguro_vida_lag1	0.000165616614074844	0.00364795240726029	0.0016651865008881
vm_msaldototal_rank_delta1	0.000165582733480631	0.000713489546372232	0.00119893428063943
Master_msaldopesos_rank_lag1	0.000162880764874641	0.000448880094716068	0.00106571936056838
vmr_msaldopesos_delta1	0.000162268204596256	0.000286351761687645	0.0011101243339254
ccajas_depositos_lag1	0.0001606330098128	0.00450917278763085	0.00168738898756661
Master_msaldopesos_rank_delta1	0.000155907139893479	0.000206816797501193	0.00119893428063943
vm_msaldototal_rank_lag1	0.000155311620580115	0.000519564266177591	0.0011101243339254
Master_fultimo_cierre_delta1	0.000154946362672968	0.000308055722079003	0.000954706927175844
vm_fechaalta_delta1	0.000154361472855621	0.000454644340624072	0.000510657193605684
Master_mconsumototal_rank_delta1	0.000153213710370778	0.0024169414505402	0.00170959147424512
ctarjeta_visa_debitos_automaticos_lag1	0.000152260908990365	0.00181037153051589	0.00130994671403197
vm_fultimo_cierre_delta1	0.000151236938294804	0.000295919167219092	0.000754884547069272
matm_rank_lag1	0.000150138722278634	0.000733877957390026	0.00108792184724689
mextraccion_autoservicio_rank_lag1	0.000150031643351544	0.000437846045916431	0.000976909413854352
ccajas_extracciones	0.000148894649226442	0.00555520925633346	0.00206483126110124
vm_mpagado_rank_delta1	0.000148632499125036	0.00295012368775413	0.00133214920071048
mttarjeta_master_debitos_automaticos_rank_delta1	0.000146852027741005	0.00264252433561128	0.00126554174067496
ctransferencias_recibidas_lag1	0.000144714003107964	0.00124665064980011	0.00122113676731794
mttarjeta_master_debitos_automaticos_rank_lag1	0.000140056545860038	0.000491286085057203	0.000910301953818828
cplazo_fijo_delta1	0.000139901239876778	0.000936755458654663	0.000399644760213144
mforex_buy_rank_delta1	0.000138793093240191	0.00209519815651549	0.0011101243339254
cprestamos_personales	0.000138481519874381	0.000380770949480985	0.000355239786856128
ctarjeta_visa_lag1	0.00013677664466665	0.00318230642143875	0.00124333925399645
mcaja_ahorro_adicional_rank_delta1	0.00013632272508938	0.0017611367460534	0.00066607460035524
Master_mconsumosdolares_rank_lag1	0.00013133822405436	0.0015543537349539	0.00135435168738899
ctransferencias_recibidas_delta1	0.000130649826162391	0.00217536091168571	0.00130994671403197
ccajas_consultas_lag1	0.00013000082936046	0.000464282361117864	0.000266429840142096
vmr_mconsumosdolares_lag1	0.000128261110750703	0.000369748124404149	0.000954706927175844
Visa_mpagosdolares_rank	0.000127429090691823	0.00039145890660649	0.000932504440497336
Master_fechaalta_delta1	0.000125485350202562	0.000416968100820577	0.000710479573712256
vmr_mpagado	0.000124324336630376	0.0028441789581171	0.00146536412078153
mprestamos_hipotecarios_rank_lag1	0.000123953098137753	0.00304166517755195	0.00113232682060391
thomebanking_delta1	0.000119209449850587	0.00213931059060889	0.00124333925399645
Visa_msaldodolares_rank	0.000117465651538985	0.00174547011142933	0.00122113676731794
Master_cconsumos_lag1	0.000116370262924098	0.00035884212284041	0.000932504440497336
Master_status_lag1	0.000114233790689713	0.00095331392983157	0.000399644760213144
Visa_cconsumos_delta1	0.000114107015401743	0.000397625316709313	0.000710479573712256
vm_mpagado_rank	0.000113891569868234	0.0028001665926159	0.00130994671403197
mcheques_emitidos_rank	0.000112017920511765	0.00228810512009419	0.00102131438721137
ctransferencias_emitidas_delta1	0.000111849719880146	0.00259406864344713	0.00108792184724689
vm_mconsumosdolares_rank	0.000111650719631028	0.000260691565765567	0.000821492007104796
mtarjeta_visa_descuentos_rank_delta1	0.000111056099451985	0.00053202628595207	0.000799289520426288
ccheques_emitidos_rechazados_lag1	0.000110930710481326	0.000612816693826121	0.000266429840142096
ctarjeta_visa_debitos_automaticos	0.000110436140496208	0.0022919012043934	0.00126554174067496
mforex_buy_rank	0.000109069748554737	0.00246745910421417	0.00113232682060391
ccuenta_debitos_automaticos_delta1	0.000108598362638727	0.00232772322526887	0.000976909413854352
vmr_mconsumototal_delta1	0.000108185452228208	0.00227049968530455	0.00128774422735346
Visa_delinquency_delta1	0.000107789373534301	0.000105731617183763	0.000466252220248668
vmr_mconsumosdolares_delta1	0.000105123787265177	0.00102731608265698	0.000865896980461812
ctarjeta_debito_transacciones_lag1	0.000103971527948768	0.000475401774741433	0.000643872113676732
Visa_fechaalta_delta1	0.000103739352816511	0.000145505172071565	0.000421847246891652
vm_mconsumototal_rank_delta1	0.000103534619881833	0.000288443061594023	0.000799289520426288
Master_mconsumospesos_rank_delta1	0.000100559274464986	0.000718166243501477	0.000843694493783304
mforex_sell_rank	9.94941055292748e-05	0.000821951662542219	0.000643872113676732
ctarjeta_master_transacciones_delta1	9.87007651484788e-05	0.00145463950817762	0.000843694493783304
vmr_mpagosdolares_lag1	9.65892721448097e-05	0.000582165882236251	0.000710479573712256
cproductos_lag1	9.65809959166285e-05	0.000109554919586936	0.000510657193605684
mtarjeta_master_consumo_rank_lag1	9.48405992276889e-05	0.00016396003756198	0.000399644760213144
mv_status07_rank	9.37020454956115e-05	0.00328391471481601	0.00126554174067496
vm_cconsumos_delta1	9.33825170446936e-05	0.000233350093042557	0.00033303730017762
vm_mconsumototal_rank_lag1	9.31322022586332e-05	0.000281264903173002	0.00066607460035524
Visa_mpagosdolares_rank_lag1	9.16882280002074e-05	0.000124830498505699	0.000577264653641208
mttarjeta_master_debitos_automaticos_rank	9.03105694963901e-05	0.00113691628892831	0.000843694493783304
Visa_mpagado_rank_lag1	9.00579332585252e-05	0.000201359809647363	0.000732682060390764
mcheques_depositados_rank	8.81270592471781e-05	0.00226865318700719	0.000843694493783304
mpagomiscuentas_rank_delta1	8.77716143074148e-05	0.000375713083663023	0.0005550621669627
vm_mconsumospesos_rank_delta1	8.68509232573089e-05	0.000410793670480516	0.000732682060390764
Master_Fvencimiento_delta1	8.6847333472645e-05	0.000135807622058276	0.000466252220248668
cpagomiscuentas_lag1	8.59267082502407e-05	0.00333713885285781	0.001398756660746
Visa_mpagado_rank_delta1	8.45852464897695e-05	0.0002122147167687	0.0005550621669627
mcaja_ahorro_adicional_rank	8.41978283434824e-05	0.0029929648911987	0.0011101243339254
ccallcenter_transacciones	8.26114264278689e-05	0.0019048346221941	0.000732682060390764
vmr_mpagado_lag1	8.24453479007287e-05	0.00143442242602082	0.000932504440497336
Master_mpagosdolares_rank_lag1	8.2173350323144e-05	0.00083119226645289	0.000688277087033748
Master_cconsumos	8.17277031213328e-05	0.0005603000882073	0.000732682060390764
cpayroll_trx_delta1	8.16971582806524e-05	0.00250126557955049	0.000932504440497336
cliente_vip	8.07085425292567e-05	0.000245195868209284	0.000399644760213144
ctransferencias_emitidas	8.06745312324636e-05	0.00327170464111475	0.00126554174067496
ccajas_extracciones_lag1	8.06047215141314e-05	0.0039967715382195	0.00150976909413854
matm_rank_delta1	7.84140336012394e-05	0.000152086583358119	0.000577264653641208
Master_mpagosdolares_rank	7.79915746941026e-05	0.00107895539416462	0.000732682060390764
vmr_msaldodolares2_delta1	7.49397591128984e-05	0.00248152816750181	0.00113232682060391
cextraccion_autoservicio_delta1	7.47875761134579e-05	0.00172753736799241	0.000843694493783304
cseguro_accidentes_personales_lag1	7.45577039150802e-05	0.000671087888802939	0.0005550621669627
Master_Finiciomora_lag1	7.42375122573179e-05	0.000137336975284867	8.8809946714032e-05
Visa_madelantodolares_rank_lag1	7.42234934839213e-05	1.19633131262451e-05	0.000199822380106572
tcuentas_delta1	7.16962562472464e-05	9.50006319464116e-07	2.2202486678508e-05
ctarjeta_master_transacciones_lag1	7.16080876841926e-05	0.00246114312129619	0.00108792184724689
cprestamos_hipotecarios	7.10776220066461e-05	0.000365547340777656	0.000133214920071048
matm_other_rank	7.10100555257063e-05	0.000156480313611491	0.000532859680284192
mplazo_fijo_dolares_rank_lag1	7.02022738148386e-05	0.000223335121398594	0.000199822380106572
vmr_msaldodolares2_lag1	6.77210521715452e-05	0.000463296033264243	0.000532859680284192
ctarjeta_visa_descuentos	6.59815951326553e-05	0.00183513813833907	0.000754884547069272
vm_msaldodolares_rank_lag1	6.47273664279008e-05	0.000905344383886644	0.000643872113676732
vm_status02_delta1	6.43215648291799e-05	0.000754569708530009	0.000466252220248668
Master_mconsumosdolares_rank_delta1	6.3371407037895e-05	0.000145477032101257	0.000532859680284192
ctarjeta_debito	6.33102491674865e-05	0.000540675212993194	0.000510657193605684
vmr_msaldodolares2	6.14038219240176e-05	0.000182343527550312	0.000399644760213144
ccheques_emitidos_lag1	6.13009305750048e-05	0.00165721283964036	0.000621669626998224
Master_mconsumosdolares_rank	6.1055637377903e-05	8.01041244704216e-05	0.000421847246891652
vm_mpagado_rank_lag1	5.94644628503521e-05	0.000459076835357426	0.000510657193605684
Master_mpagado_rank_delta1	5.78001303399439e-05	0.00194048047441024	0.000843694493783304
vm_status03_delta1	5.7616638335075e-05	0.000356620217519015	0.00022202486678508
cseguro_vivienda_delta1	5.76140584194376e-05	0.00096657101323888	0.000377442273534636
cprestamos_hipotecarios_lag1	5.75757787616728e-05	0.000704471250531659	0.000266429840142096
ccajas_otras_lag1	5.56278062430284e-05	0.000460573808028503	0.000288632326820604
Master_status_delta1	5.56012971914399e-05	6.05322796180514e-05	0.000155417406749556
vm_mconsumosdolares_rank_delta1	5.55262890731795e-05	0.00156498799336457	0.000843694493783304
Visa_msaldodolares_rank_lag1	5.55047717415925e-05	0.00016718541745109	0.000466252220248668
cprestamos_prendarios_delta1	5.41498375486495e-05	0.00368178718389353	0.00135435168738899
vm_Fvencimiento_delta1	5.32220386395691e-05	7.62906168972087e-05	0.000155417406749556
ctarjeta_visa_descuentos_delta1	5.30580605090943e-05	0.00053668459184765	0.000421847246891652
Master_msaldodolares_rank_lag1	5.29281875078508e-05	0.000394696893017925	0.000421847246891652
mcheques_depositados_rank_delta1	5.28548001015752e-05	0.0012943616122341	0.000532859680284192
Master_mpagado_rank_lag1	5.1819096415667e-05	0.000714801154767152	0.000488454706927176
mv_status07_rank_lag1	5.15527497879242e-05	0.00165063534628579	0.000754884547069272
Master_msaldodolares_rank_delta1	4.95741453073555e-05	2.78137679003418e-05	0.000266429840142096
minversion2_rank_lag1	4.93817551703047e-05	0.000884466530977425	0.000421847246891652
ccajeros_propios_descuentos_delta1	4.90050537655606e-05	3.96628848325852e-05	0.000199822380106572
mv_status07_rank_delta1	4.86905969475684e-05	0.000404909697180416	0.000244227353463588
mtarjeta_visa_descuentos_rank_lag1	4.83245762841956e-05	6.57773303982101e-05	0.000244227353463588
mtarjeta_master_descuentos_rank_delta1	4.67675765663002e-05	5.89097948435366e-05	0.000244227353463588
cliente_edad_delta1	4.63206282627736e-05	0.000151861163989092	0.000355239786856128
vmr_msaldodolares_lag1	4.48262784546213e-05	0.000332709193854485	0.000377442273534636
mforex_sell_rank_lag1	4.47609982952839e-05	0.00160800402876226	0.000754884547069272
cseguro_vida_delta1	4.47405827180867e-05	0.00209508594233414	0.00077708703374778
Master_mpagado_rank	4.42462960530769e-05	0.000159244967745951	0.000377442273534636
Master_msaldodolares_rank	4.40875584124894e-05	0.00011688479416237	0.000244227353463588
vmr_mpagado_delta1	4.40601787284415e-05	0.000627753164208347	0.000466252220248668
cpagomiscuentas	4.36777119935634e-05	0.00120855989279272	0.000510657193605684
cextraccion_autoservicio_lag1	4.28802625805185e-05	0.00033912197273912	0.000377442273534636
matm_other_rank_delta1	4.17135100258503e-05	0.000566370831629739	0.000355239786856128
ccajas_otras_delta1	4.11718469692565e-05	0.000476414675392568	0.000244227353463588
cseguro_vivienda	3.94010346094124e-05	0.000868476551731383	0.000399644760213144
vm_mpagosdolares_rank_lag1	3.82508896091829e-05	5.81454754534512e-05	0.000288632326820604
mprestamos_hipotecarios_rank	3.74278186378487e-05	0.000182773670388828	6.6607460035524e-05
ccajas_otras	3.58559544117996e-05	0.00195402836055739	0.00077708703374778
Visa_madelantopesos_rank_lag1	3.50297374231647e-05	4.61752022362701e-05	0.000177619893428064
mprestamos_prendarios_rank_delta1	3.49617353360054e-05	0.00154913168473916	0.000577264653641208
Visa_cadelantosefectivo_lag1	3.41185582480978e-05	3.39161082918983e-05	0.000199822380106572
minversion2_rank_delta1	3.38653625369096e-05	0.00230747998515441	0.000843694493783304
cinversion1_lag1	3.28640484603001e-05	0.00168004096995119	0.00066607460035524
vmr_Master_mlimitecompra_delta1	3.26889060924779e-05	0.000269962729545713	0.000288632326820604
internet_delta1	3.20030118488087e-05	8.02324943595416e-05	0.00022202486678508
mtarjeta_visa_descuentos_rank	3.0685055176237e-05	0.000400135627918042	0.000310834813499112
catm_trx_other_lag1	3.06177592144236e-05	0.000525524685244694	0.000266429840142096
Master_madelantodolares_rank_lag1	2.9747675250246e-05	1.4851704771421e-05	0.000155417406749556
mcajeros_propios_descuentos_rank_delta1	2.82623887027959e-05	3.52719662715784e-05	0.000199822380106572
ctransferencias_emitidas_lag1	2.74933966176018e-05	0.00109954723803902	0.000510657193605684
Visa_msaldodolares_rank_delta1	2.70823952104304e-05	4.23351218655428e-05	0.000177619893428064
Visa_madelantodolares_rank_delta1	2.7077116234744e-05	7.42120848397664e-06	0.00011101243339254
ccheques_depositados_lag1	2.68548978219942e-05	0.00022824878427289	8.8809946714032e-05
mcaja_ahorro_adicional_rank_lag1	2.6716630483836e-05	0.000523447259426871	0.000266429840142096
ctarjeta_master_descuentos_delta1	2.61534779346832e-05	0.00065120850933649	0.000377442273534636
mcajeros_propios_descuentos_rank_lag1	2.56409190490702e-05	0.00150824195712246	0.000577264653641208
ccuenta_debitos_automaticos_lag1	2.54957822236149e-05	4.83444920357868e-05	0.000155417406749556
cseguro_vivienda_lag1	2.49778385988653e-05	0.000133280002808842	0.00011101243339254
vm_status04_lag1	2.49571470755884e-05	8.46256484464451e-05	0.00011101243339254
mcajeros_propios_descuentos_rank	2.250958712558e-05	0.000121802351921991	0.000177619893428064
ccallcenter_transacciones_lag1	2.14552765707528e-05	6.1558409051297e-05	0.000133214920071048
Visa_madelantopesos_rank_delta1	2.13988667459965e-05	6.73004840736033e-05	0.000155417406749556
cseguro_auto	2.07454579552519e-05	0.00134034024951807	0.000488454706927176
Visa_mpagosdolares_rank_delta1	2.07206520141998e-05	1.37416394070847e-05	0.000155417406749556
ccheques_depositados	2.0380101327266e-05	0.000182773670388828	6.6607460035524e-05
vmr_msaldodolares	1.96796271383648e-05	5.57259450334561e-05	0.000155417406749556
Visa_madelantopesos_rank	1.95836675830451e-05	1.44038851456597e-05	0.000155417406749556
ctarjeta_master_transacciones	1.93079234191283e-05	0.000289725469872335	0.000155417406749556
cseguro_vida	1.88693790221822e-05	0.000166168714101264	0.000177619893428064
catm_trx_lag1	1.88025280705457e-05	3.54075497648805e-05	8.8809946714032e-05
cextraccion_autoservicio	1.83362278312567e-05	0.00146642457844526	0.0005550621669627
mforex_buy_rank_lag1	1.81719227993384e-05	0.000552004881284347	0.000244227353463588
vmr_mpagosdolares	1.76675538492052e-05	8.27907887117434e-05	0.00011101243339254
vmr_madelantopesos_lag1	1.75737231509857e-05	9.89692665795287e-07	2.2202486678508e-05
cforex_buy	1.73073193952375e-05	0.00103571746553669	0.000377442273534636
vm_msaldodolares_rank	1.72916185148569e-05	6.01487832168024e-05	0.000155417406749556
catm_trx_other_delta1	1.68402283949862e-05	0.000458298872345373	0.00022202486678508
ctarjeta_master_descuentos	1.66053910313941e-05	0.00064892559950944	0.000244227353463588
Master_madelantodolares_rank	1.61115424996584e-05	7.12946083112745e-06	0.000155417406749556
vm_mpagosdolares_rank_delta1	1.55835367647953e-05	0.00126760358872347	0.000466252220248668
vm_madelantopesos_rank_lag1	1.55016483881853e-05	1.00057068871533e-06	2.2202486678508e-05
Master_mpagosdolares_rank_delta1	1.53920577345049e-05	1.78090520195139e-05	0.000155417406749556
cprestamos_prendarios_lag1	1.51346226199054e-05	0.000475107238442878	0.000177619893428064
Master_delinquency_delta1	1.4823137866716e-05	6.82649176014317e-05	0.00011101243339254
mforex_sell_rank_delta1	1.42998682879203e-05	0.000194106657398838	0.000133214920071048
ccomisiones_mantenimiento	1.41528353429531e-05	0.000406507775543337	0.000199822380106572
Master_madelantopesos_rank_delta1	1.35097281525316e-05	9.72974619553341e-06	8.8809946714032e-05
Master_madelantopesos_rank	1.22368528916723e-05	5.066923154843e-06	0.00011101243339254
ccaja_seguridad_delta1	1.18076123641706e-05	0.00134034024951807	0.000488454706927176
ctarjeta_master_delta1	1.16120262901334e-05	0.000207987752137891	8.8809946714032e-05
ctarjeta_master_debitos_automaticos_delta1	1.15622088052078e-05	0.000957106004012165	0.000355239786856128
minversion1_pesos_rank_lag1	1.08225184155267e-05	0.000284941260080119	0.00011101243339254
ccheques_emitidos_delta1	1.06431775742928e-05	0.000121203092701722	4.4404973357016e-05
vmr_mpagosdolares_delta1	1.05429622104203e-05	0.00026204067107424	0.000133214920071048
mtarjeta_master_descuentos_rank_lag1	1.01481744685829e-05	2.06144987399245e-05	8.8809946714032e-05
ccajeros_propios_descuentos	1.01390621581647e-05	3.47479082987418e-05	6.6607460035524e-05
Visa_Fvencimiento_delta1	1.00905022764732e-05	2.08439282275708e-05	8.8809946714032e-05
Master_madelantopesos_rank_lag1	1.00696912773677e-05	5.08164996977077e-06	8.8809946714032e-05
vm_msaldodolares_rank_delta1	9.94628285470141e-06	2.44750445436031e-05	6.6607460035524e-05
Visa_status_lag1	9.79377916788612e-06	0.000102761963019909	6.6607460035524e-05
catm_trx_delta1	9.7272870994336e-06	0.000319120376841431	0.000155417406749556
ccajas_extracciones_delta1	9.42428873423062e-06	0.000149058252401141	0.00011101243339254
cforex_sell_lag1	8.95897263772345e-06	0.000203335784073462	8.8809946714032e-05
Master_cadelantosefectivo_delta1	8.56461880359352e-06	4.33106638828785e-06	4.4404973357016e-05
cforex_lag1	8.48170870979923e-06	2.51697399776684e-05	4.4404973357016e-05
ccheques_emitidos	8.11537129462862e-06	0.000548321011166484	0.000199822380106572
ctarjeta_visa_descuentos_lag1	7.99201266736655e-06	0.000416395299164529	0.000155417406749556
vmr_msaldodolares_delta1	7.9087906273209e-06	6.51945034456148e-05	6.6607460035524e-05
ccuenta_corriente_lag1	7.86471100634556e-06	3.13383856063879e-06	4.4404973357016e-05
minversion1_dolares_rank_lag1	7.7300477037823e-06	0.000180596175978804	8.8809946714032e-05
ctarjeta_master_debitos_automaticos_lag1	7.55924992284182e-06	6.97334046023199e-05	4.4404973357016e-05
cseguro_accidentes_personales	7.54427327146069e-06	0.000186987337097551	8.8809946714032e-05
Visa_cadelantosefectivo	7.18376804980392e-06	3.78253286388123e-06	4.4404973357016e-05
vm_status03_lag1	7.18275308524105e-06	1.3940117232058e-05	6.6607460035524e-05
ctarjeta_master	7.11011625561646e-06	2.58840711649708e-05	2.2202486678508e-05
mcheques_depositados_rechazados_rank_lag1	6.87762209306943e-06	7.43635705275915e-05	4.4404973357016e-05
ccajas_depositos_delta1	6.57000783474304e-06	0.000242294363015292	0.00011101243339254
vm_mpagosdolares_rank	6.50427007138279e-06	2.36584553315206e-05	4.4404973357016e-05
cforex_buy_lag1	5.91673533923971e-06	1.2208322155192e-05	2.2202486678508e-05
mtarjeta_master_descuentos_rank	5.81991318832292e-06	2.25280397675266e-05	4.4404973357016e-05
Master_cadelantosefectivo	5.77435047627206e-06	7.10867274495398e-06	4.4404973357016e-05
Master_cadelantosefectivo_lag1	5.5974493612845e-06	4.17529402193919e-06	6.6607460035524e-05
ccheques_depositados_delta1	4.45817193876019e-06	0.000176346717809075	6.6607460035524e-05
cinversion2_lag1	4.17820444515661e-06	0.000116881659816783	4.4404973357016e-05
catm_trx	4.02658812735914e-06	6.71682653924755e-05	4.4404973357016e-05
mplazo_fijo_pesos_rank_delta1	3.41953873370654e-06	1.62059494849901e-06	2.2202486678508e-05
active_quarter_delta1	2.84581646787742e-06	3.2401965860068e-05	2.2202486678508e-05
ccheques_depositados_rechazados_lag1	2.65061682606229e-06	4.32629342526509e-05	2.2202486678508e-05
cplazo_fijo_lag1	2.32839780765603e-06	1.96055851607493e-05	2.2202486678508e-05
cseguro_accidentes_personales_delta1	2.12958033501335e-06	0.00011754731646085	4.4404973357016e-05
mcheques_emitidos_rechazados_rank_delta1	1.74759862891486e-06	4.60365996306744e-05	2.2202486678508e-05
ccheques_emitidos_rechazados_delta1	1.20825283998584e-06	5.81567683162284e-05	2.2202486678508e-05
